14
13
VPN      PFN
6307      2878
2237      7996
6977      5021
3325      3113
5128      3545
15166      6929
12703      1838
8070      4648
12667      1510
15637      3361
4415      2646
13951      7962
8719      3892
2800      6333
1665      1997
7633      3971
5899      482
2335      2398
2735      7045
7459      4063
11291      6487
6516      6052
16000      4626
10932      7213
14290      6816
6054      7635
11010      1835
3447      3919
5928      4905
8173      3336
13816      2935
15221      4146
3749      5293
11424      1148
7888      5227
6080      3134
5759      2433
9070      4541
5685      1909
15330      4231
8592      2133
6739      5708
2266      6574
12371      8188
9639      4434
3205      2901
3776      7142
13084      3680
648      2921
8633      2490
3511      5500
12847      4346
2400      1519
5712      6216
4448      308
7375      5286
8654      6452
7167      4709
4440      2842
2740      1934
7598      1153
10680      216
9542      5024
13481      7150
2786      5038
9902      2294
14985      1621
9687      5030
14851      1603
8127      6408
1749      5380
2260      5919
13090      3148
7261      5140
573      6692
10438      1286
7854      7166
13482      3693
10422      919
4180      3824
4454      231
8943      7624
7847      1964
16341      4639
9544      1030
11098      6316
890      2745
1426      5577
12568      7551
1292      7705
11961      227
7575      7589
8840      7255
12771      6762
2578      6366
16027      5838
8961      5427
16184      1836
1171      6588
10730      2067
14639      5894
2386      5362
8494      429
8293      5459
2497      5575
8938      3199
3702      3096
3775      4781
11674      3784
9441      4075
5746      1402
6170      7972
6482      2792
6879      7051
4368      2855
8411      7034
14648      1794
4977      4984
15068      3255
6988      2289
13324      915
3281      3998
13044      2808
16205      2476
4299      6514
5994      1976
15373      2779
8686      1587
4008      2702
9334      6051
15742      3950
5640      222
12010      1663
12330      3337
13157      7655
7379      3196
12560      3516
12479      5456
9328      1523
12656      6764
15974      2225
6978      6086
12269      2971
10933      1575
12885      7802
2427      7249
11640      6453
1628      6377
13279      5739
9080      5811
11502      1498
14803      6771
9605      7590
3037      4670
13854      5942
4033      2233
11871      239
6798      1202
10719      5226
16084      2781
6481      4062
2520      952
1578      4475
11564      6899
7733      4894
736      4137
1552      4641
979      3524
10928      4294
13600      3413
8265      2135
1452      2807
7474      1993
12495      7666
6308      4902
12218      4393
6965      5414
2567      7994
8292      4348
12092      4850
6776      3352
8920      4821
1259      1445
16105      1083
5645      582
4522      1634
13226      2322
3643      7971
6118      503
11678      3138
10080      6873
9898      5239
2632      5278
9220      280
11568      5686
5981      8158
8065      3145
8812      5656
3356      562
12021      7786
9258      5490
15097      1867
4713      4219
3006      2268
12701      385
1574      4992
14543      4936
7286      4522
3475      1379
6680      2823
10283      798
15972      6914
3754      6759
11334      1230
12494      4154
6444      1399
6863      5841
5673      2283
7702      7027
10293      6752
5169      7856
2466      1740
9005      1197
5235      7711
16061      5203
9006      4987
6956      3504
10513      3637
5260      8107
6052      4051
1763      6199
11652      1727
14375      2837
8866      839
12106      3923
4421      274
975      763
11105      1904
15605      3348
1748      6125
903      6510
10591      2967
14344      785
11331      7785
12390      2637
5747      1380
9683      2982
5776      849
7691      4731
10269      6667
5877      3058
1852      5180
14086      1461
8720      3903
3487      411
2006      3526
3448      7065
773      3415
11991      6883
1099      203
4709      5112
4503      2340
6263      3029
9116      1106
15006      7669
12629      6836
15072      6116
5769      6319
4878      223
15100      4999
10731      4403
13369      5630
5940      6784
2044      4383
7914      6534
15516      4414
1546      5080
1485      6406
15151      4132
8716      1456
2628      212
8203      3615
8807      1579
15846      5056
13359      4655
9221      6863
4877      4500
12376      3815
6932      2342
13506      3625
8450      4009
8366      3176
10351      7591
14707      2814
1869      4070
6672      3958
2261      1194
13615      2447
2287      3335
11703      6294
3494      8109
12972      3718
2365      7617
4360      1905
12957      6489
9293      2489
6277      4854
10767      7005
4320      1843
14869      369
7974      1126
4682      626
9201      5008
13286      3945
2802      3592
10389      3794
15477      5195
9277      5159
15113      1882
2218      610
3160      6011
2336      1225
14928      6794
12248      3131
7871      4152
15807      3427
10797      6090
8466      6312
1859      7340
12424      1307
7613      5871
9560      6187
5850      2508
9429      5349
1941      1501
11300      7738
4973      7437
3146      5023
6147      1388
15354      5258
3862      7863
5625      7832
13880      6892
5904      1169
8109      3187
1093      1878
5604      4060
5015      2134
8378      4729
626      3268
5383      2444
3523      246
11097      7913
11325      650
4802      1395
11217      3610
8352      5857
15315      1737
915      6620
11146      4772
13982      1276
13518      3380
2060      600
8117      2017
3464      1754
8995      4594
3364      5999
3299      3666
6552      591
2049      6897
7868      1615
10533      6437
6131      5962
3853      2385
16337      4289
12071      2609
15424      6171
6394      502
7201      6201
7108      6886
7534      5784
5454      5893
10086      1353
3312      729
6765      5558
3744      5944
3961      4250
6837      4796
5553      3479
12449      2932
14071      350
15430      631
10490      3746
5535      7343
8337      3066
6498      782
7618      4916
8872      3353
8424      7327
6487      669
4528      7599
6930      5210
7332      3640
10740      5778
11718      507
1027      8045
7245      497
1140      6721
6376      1392
3807      6756
10592      6471
8694      1338
10423      6956
14090      2804
720      5950
6388      2592
2057      7302
11840      2441
13260      5461
14096      228
10209      2361
2116      5065
14458      4341
9487      868
10958      4284
16123      3636
8399      4066
7209      7777
2357      2899
2958      3082
16377      1208
9798      1089
3549      4387
4439      3124
897      6162
6489      5773
15199      1120
7253      6421
4150      3089
7071      5146
1307      2295
14838      1990
695      1687
12718      4227
2033      1474
14540      3146
13666      4113
11067      6017
6163      4815
7530      4618
1163      5246
9951      2556
15744      2446
535      968
4660      5780
10860      1005
13202      3429
15014      569
1742      3976
2773      5124
15289      5443
3377      8013
8354      5570
1130      7806
613      2223
6858      625
12657      2867
11441      7592
11715      3723
11101      457
9580      1601
10954      409
10670      4847
879      8077
11321      4553
3342      3390
12835      2000
1873      1283
8733      8083
13531      7835
7183      4867
13271      2955
10900      7999
13419      4552
11022      6768
15057      1517
4161      4068
5613      2039
581      1146
8348      1766
7716      2008
13543      4187
13963      6283
8329      2666
7582      5749
10440      7445
4135      1008
3888      2413
1707      5402
6470      3803
5817      6407
5081      2481
10218      7536
15032      3654
13938      6669
16233      1585
1910      3574
6256      2023
10847      1398
9562      4688
14012      2884
3292      5599
9884      6430
11797      3477
14538      5160
8676      1973
3666      3767
3040      7619
11249      4431
10028      4754
7814      3675
4030      4238
9369      401
6436      7363
2617      1039
7805      688
6337      3626
9167      8097
6362      2566
13058      2770
4137      1452
13048      1114
7630      1692
12757      2290
5315      4153
742      439
7832      821
7834      243
1344      6791
8983      7672
9931      6131
15435      7403
12913      1707
16012      1792
4287      3069
5232      7407
8141      3563
8629      6815
5185      289
15018      480
12035      4577
1406      3500
8970      7872
8322      5251
8551      1291
16174      6102
4524      297
8842      3735
11188      5777
15785      6124
12082      3360
5803      5512
14749      3668
10647      5084
10931      5438
4935      2610
8789      5980
13685      456
11748      2858
13594      3738
13403      3338
16342      326
15496      4276
7134      2512
1732      5695
5951      2509
9064      2789
15223      2756
3854      3781
10407      2698
4045      2026
5729      892
4187      7075
1232      7968
10896      4915
10504      3140
7728      6861
6633      8122
3442      7527
1678      3961
7267      6904
15109      3265
11835      2091
9768      5551
14053      1054
14020      6285
6589      3346
11352      2238
5527      6521
7274      8167
14239      324
3025      5217
15770      6405
5560      741
13068      432
11821      5520
10959      458
10261      2755
13519      4436
4001      3676
5580      1464
2631      4301
7224      3327
6296      2168
4978      5352
653      2693
14978      3860
7684      5381
6065      7345
15975      309
11694      564
15231      2719
13535      4004
2693      2013
10370      3533
1661      1705
6485      5234
1322      4071
13281      4029
1608      7702
7413      6658
551      2558
7070      4793
14188      1714
4511      4556
5756      6572
7420      4976
14107      6820
4804      4474
12595      266
4353      7280
8149      1088
13790      907
6952      900
8940      937
13462      4574
15069      6524
6182      7757
6068      386
11887      8137
8405      7727
6340      1623
11399      4582
13909      7860
4906      6442
1619      4285
11679      4813
10563      6714
5108      513
12752      2866
10708      1295
15013      4683
2864      3257
5207      4462
1353      3452
6921      299
3793      3611
15212      4752
7885      8085
6857      7532
9665      298
4662      1497
7268      5039
5590      7759
9279      1449
1045      5161
2465      8150
9348      2806
2640      678
15810      2246
13620      5764
3210      621
8869      3813
5508      1257
900      6469
14631      6955
10968      8170
11170      2380
10106      1512
7934      6428
1201      2758
6457      7116
14820      2665
10052      1304
12681      2214
1721      3834
14429      6846
10709      5556
14865      2077
6600      2668
5856      419
12730      1619
1883      1959
15287      2038
9936      7173
15712      7773
13509      7373
7688      2612
3390      3690
13487      7054
5607      2121
2917      4016
10454      1351
11467      428
4591      5476
3141      7925
1768      4395
3710      563
13209      5356
5883      4159
10674      6364
10790      7391
1801      6845
11899      2075
7626      3295
1569      1834
7122      6622
16121      1524
8304      540
5330      4773
14098      1780
5174      4141
3199      2826
8830      5179
12317      1686
7513      2659
8966      4651
6703      6346
7600      829
9646      6724
10050      2773
13821      7354
11784      5079
4554      1061
7330      1641
10673      1458
13589      4965
12358      1901
15950      2978
882      2681
15943      1566
3148      5672
9582      4005
7734      7892
11634      1876
15537      2065
2695      2862
8600      5969
6915      5168
9577      4118
12840      543
12282      4929
4806      3180
4938      1761
15270      6683
7205      230
16126      6288
1530      4570
15892      5133
7851      6745
15090      3239
13950      7247
15218      2272
7309      2062
14971      6776
3473      2976
3048      5694
11112      7639
14689      2896
11370      5314
13011      5798
1033      7456
931      5137
4912      3347
6357      5853
8544      7628
7742      1540
10981      8067
8737      2640
11287      7252
10032      3949
4962      3045
6745      1009
11834      256
12482      8018
9969      1889
6912      713
15152      7082
3408      2611
11720      3634
12505      6076
5368      7812
13196      745
528      4209
4715      7053
5716      4478
743      6890
1570      5525
3287      1092
1913      3914
15722      7574
15275      6451
1254      832
9643      3420
8804      5661
4954      8145
13336      5307
7523      4354
6963      268
15169      489
12645      3102
1848      3660
7223      4096
12889      4491
1057      1923
1195      7911
10144      5373
13289      3842
9507      7366
11828      5279
670      1581
10012      4852
4055      2821
14214      1173
15603      5468
13642      6642
11896      3983
3183      1414
7015      6278
2173      4396
3498      874
7804      7545
13207      2438
3750      1684
16193      3868
3624      3556
13376      1160
12855      4994
11482      3249
14881      5297
2607      2657
4854      2559
4182      6765
14564      1434
5043      6965
3318      6386
521      7197
11957      977
12939      4145
6775      5949
3811      1248
5075      4716
12466      4059
8687      4120
9673      3322
7380      2093
6531      5257
11657      4483
8549      3093
1247      1130
4570      4808
4704      3057
1174      7085
5467      4134
15706      3884
4249      2392
10401      5858
2755      4425
11266      1072
6287      7165
14262      1347
3592      1250
7429      7467
3083      6217
13051      1233
14345      6445
15431      3411
2031      5883
1373      5726
7402      4261
1535      1533
12411      7764
11255      3851
9597      7455
15277      6694
1170      2354
8918      1206
8035      3993
2564      1424
9143      6819
9523      5005
15350      5904
2185      4557
15324      6872
1183      6026
4046      1568
8099      2193
994      6081
869      4324
604      3461
2274      3501
14628      799
9218      2724
4442      4765
3154      2247
10515      4173
12434      598
15957      3018
13695      1940
8102      5401
14376      5341
4347      677
4229      7436
11930      5429
13247      5523
12385      2123
2394      2813
790      7413
3989      8081
12334      2775
5358      4649
15203      1713
3340      3835
10903      8164
15681      855
10290      7496
667      5437
1123      2651
6842      1548
6816      4834
11773      5445
13214      1558
7953      2046
11919      6545
1968      5513
12543      2105
11988      6391
6406      6296
14548      2908
1379      694
4723      6603
13655      6605
4282      6623
9388      7718
13659      5375
10448      8024
3861      3742
13302      4046
14914      5676
1948      6395
4579      2106
6732      1679
8180      8090
4504      7479
16056      441
3241      5826
9538      6830
15851      7450
9195      6112
14390      932
7640      3933
5986      4940
12851      8119
11337      1841
15653      4866
15397      6973
11025      6234
6386      5532
8779      6649
14453      4097
8820      7693
9111      2929
10749      3397
7244      4176
2138      5933
6202      1411
13173      749
14584      4827
14618      365
14237      3160
6123      2079
15173      7734
7063      2408
9135      5847
9409      3136
8535      2711
2338      3965
7458      2207
1281      232
2599      846
9581      5150
6179      396
6503      1755
11103      421
9269      3441
14296      2291
8313      1844
5664      6719
8133      2525
9413      241
4305      7408
5338      6365
15489      4997
12059      1070
8256      5770
14623      7977
2613      2805
5376      4007
1701      7885
14973      3593
2708      4833
4181      5774
3756      1881
504      5680
12298      2442
13831      2501
10284      7411
7722      2200
3176      2886
13763      2300
9243      2847
9360      7926
8129      7022
2979      485
10590      7020
5781      2057
5649      4708
4461      2319
12263      3712
10210      2662
4250      7940
10506      1013
7729      5769
4214      3091
5487      5737
12189      1665
1016      1491
3501      7873
11151      7715
9578      8038
11076      3142
5714      5636
11770      6132
6581      6686
15045      6712
3041      1439
9176      4427
8711      6280
15573      3898
11278      7294
4690      4126
10294      2450
2119      3833
13346      5624
15040      599
13925      393
13724      2796
5402      2102
1932      3073
15299      204
4238      1875
3336      3553
1231      2536
1158      3862
3265      4592
15908      2286
12044      4101
10707      5552
3428      5193
7336      5184
4533      315
12011      8072
11043      6932
11519      3741
3393      341
10982      6936
11836      7651
13566      4857
8317      4048
13992      2027
2370      7982
10249      7603
8886      2782
13029      4321
15802      3109
2842      2365
6343      5096
11920      6037
5451      6713
733      4072
2055      1403
6611      2195
12965      4077
12951      4317
9741      1370
5168      7163
945      6499
7924      4177
4277      4439
16361      4713
3929      4397
9644      2954
7537      1355
8187      4741
8377      8118
2561      6273
7483      640
11326      985
10475      6385
15485      6800
15413      3287
11167      1926
15926      575
13807      3454
2769      5946
4167      6098
927      5261
4630      6985
14431      826
6033      3449
15135      496
3456      7172
4264      3128
6377      870
5031      7131
11676      4245
697      1764
11936      5882
11282      5236
16005      5170
9283      6634
4623      405
6126      6374
7495      3548
12522      4446
13915      3275
10051      910
7066      7890
12405      1887
14242      4841
14883      775
12237      5504
13528      1142
11582      611
3167      2712
837      2488
8557      816
11373      1906
7282      556
2963      3203
8359      6253
5498      801
9318      4407
4318      5440
8198      4125
2509      6953
8131      2658
11810      705
2566      4961
1775      6833
14731      1031
5936      5372
1841      5254
12583      3875
13129      1777
6707      5336
7426      3616
971      7462
5000      4767
14704      500
11451      4646
12803      7855
2946      7969
1605      1717
3516      1367
16380      2776
2777      4562
9650      5533
16328      1082
16036      2016
6346      6625
12518      7241
10228      3807
10169      8000
14236      2088
1035      3117
2804      4088
13361      7761
12950      1290
1107      454
14993      5670
5021      2990
15458      7858
10963      7046
11763      7606
15126      281
11391      7203
13774      5604
11223      7093
8824      7859
728      5628
10600      896
4005      3127
14688      7743
6868      4942
12682      6411
15856      5280
2215      6050
14143      6075
6225      2025
15570      4774
9423      5091
1467      1354
2572      2969
10726      1820
15367      6229
5393      860
7272      2353
5384      5566
13225      6693
972      544
11029      1563
5210      1776
10300      5959
1405      4698
511      5455
3452      5795
6350      3439
576      4260
867      3260
2170      6034
4847      5911
14019      4026
1071      2404
11127      3412
8805      7319
4458      4559
11612      3902
7441      1975
14733      7269
929      6079
3711      3883
12176      3137
12648      210
13838      5899
9027      6770
5474      4588
2919      4621
5666      6958
7128      760
8422      353
14403      4616
6961      1191
1646      1483
7058      3930
831      588
1421      7406
5500      5386
9313      4372
4093      7404
5719      6130
6374      1653
833      4367
12577      3725
2980      7937
5405      3594
7200      3507
2282      1215
15633      5285
12295      5872
1603      6096
10618      2312
9512      858
8727      4812
5047      4505
9126      6610
16379      1362
6112      1457
8635      1756
11698      7578
5473      5172
5171      1175
12825      2142
6278      1969
9240      4938
10564      2585
7302      1209
3668      5296
9501      1696
6964      7268
4293      5017
6460      5477
11288      2999
4541      6995
12949      7190
1155      3822
14354      332
5249      1020
14840      7946
14832      388
8553      2535
11453      5522
13830      521
10053      5854
10500      2001
14152      6054
10373      2220
13033      2050
5356      6493
14970      5541
4671      1432
2489      339
6605      4682
8066      3478
11436      5219
11786      754
4840      6382
15216      4430
5202      2833
15187      4189
9779      5037
14990      4892
9952      2138
12876      2005
15599      4921
10292      4447
1488      7729
16044      1670
6132      7222
2380      2007
5391      6512
9336      7359
3149      1915
8590      5920
5135      6552
4826      4031
11180      7421
2770      6000
11415      5415
9374      1561
14488      2883
15775      7577
7918      709
7655      7273
9518      5190
7978      7381
13989      5961
3266      7884
14008      6943
663      1506
5042      2457
14080      568
10909      395
15555      8066
4923      2087
2532      5971
5149      7570
14381      3225
11847      334
2190      3788
5632      4224
2075      1751
12397      3072
6996      1644
1787      4527
752      4949
15498      4229
6306      2518
10427      1345
10040      909
10226      8068
4193      345
2674      3696
7409      1832
4918      6398
8914      1760
13474      4980
14141      447
6673      532
5147      7588
15611      7382
1761      6772
2462      5797
9399      3115
1360      7035
5414      6619
4428      3293
10392      4179
5540      6851
6788      1897
5284      3635
7126      6992
7162      5790
2679      2650
3829      3010
3429      3174
15110      1019
15164      4234
7359      7385
8491      7540
5751      3560
4009      3514
4683      1278
15371      1530
13188      1051
11431      1892
5650      3695
14379      3476
13204      7998
13892      410
3573      4131
15906      2454
11616      5152
5889      7831
12056      548
12214      2939
15652      835
13569      6459
7607      4495
10079      2466
1372      988
4762      1986
9146      6082
3868      1956
7012      4870
4184      3535
16226      3005
13293      7844
2789      2373
13162      7434
789      5848
8077      7848
12888      7313
9343      1103
12605      6107
10201      3186
5789      7430
7489      2391
14232      6606
14274      2126
11670      3647
15145      2325
8931      1729
10251      7901
7797      2810
8865      5654
7997      6039
1288      3217
6261      4636
9576      6243
12738      6850
8766      4239
4599      695
13191      3489
11901      6019
11430      5995
1609      2685
3527      5611
14706      8146
13608      6252
9708      6284
4391      1243
1420      6156
1340      2765
625      6175
13622      4750
2121      4086
14285      3406
16189      2514
4472      7927
3952      5047
1643      6550
6410      5507
6108      2511
13550      2822
16039      5509
6527      4330
3661      981
12997      8058
7548      945
15936      1546
8879      7322
14343      2284
1011      1018
7363      5442
5743      6543
13673      404
12537      6553
15890      3024
2597      3709
2551      1042
3628      2127
14415      4374
12410      539
15310      4318
11910      5494
7322      7579
15511      1640
3291      7194
15272      2472
4139      1870
3380      3721
12981      6748
3630      4155
13679      6021
5584      2288
7465      2347
841      6567
7510      2473
15850      2522
6204      3114
7730      7685
14054      1001
7960      3170
12642      1715
5187      2049
14406      3956
3135      1156
14471      1685
1468      5747
2339      3665
12613      4877
10792      4163
5318      6167
4172      1314
14117      2937
13966      5526
14357      2199
7515      1646
6677      3048
14222      2859
10617      555
15258      552
5691      6671
15894      4166
4670      7039
15833      5282
10605      3606
4365      6272
8055      1701
8739      5228
8964      2154
8303      5244
13969      1586
6660      6397
15111      641
14822      6438
2146      5703
1469      735
11045      3363
2663      7875
2432      5387
16362      7548
6664      3522
4737      7690
13856      3752
15759      488
5513      6332
9141      4874
9394      6001
14057      2994
13745      2513
1279      1136
10286      2726
2707      6775
8852      3139
8977      4333
14641      4794
14059      7692
13877      765
11837      6359
8418      1800
11857      7583
1601      646
6749      3414
12258      5851
784      5294
9784      4507
7932      3685
5415      670
6183      5350
14656      1873
16345      620
8158      5033
4310      6260
16131      2363
13470      8071
2221      6728
7946      5768
8577      6384
6389      1508
7057      4887
7521      2863
10096      487
14813      356
2907      941
10861      7956
13126      3661
10710      1143
2595      468
5549      6334
8963      1855
3207      229
14486      1060
6564      5486
12705      267
6286      6680
11883      5392
3932      5762
13884      4133
10534      290
3023      7841
6712      6633
7565      2273
16113      2170
5594      7850
16160      2359
9213      366
4786      7227
13709      2167
8271      776
5622      7287
4950      6837
3313      2588
4924      6159
6186      3503
11585      3759
7203      1147
15263      4862
14056      2520
3293      6415
11646      4428
4711      8110
8017      4211
6920      4266
9564      6166
10961      508
4931      7984
605      1430
5082      408
8818      6541
3133      331
7002      6862
11845      1572
3197      1496
2662      6602
5736      2327
6325      3171
10809      5213
14752      6474
4699      1275
8887      4150
9630      310
3689      6247
4445      6725
4385      3677
14532      4656
9163      7152
9805      5484
14473      7497
13653      1487
3117      2043
11274      1796
13818      834
8476      6002
3310      4353
726      6839
3971      4769
5869      7254
6075      930
606      5928
7316      5781
14205      4593
8484      4585
12179      1494
12367      5125
13515      6461
9082      7547
13614      6032
6364      2532
2447      4461
11219      5324
9724      4274
3415      5713
16206      2084
9882      6618
3645      450
13437      6413
9420      7995
12532      1509
4232      522
14093      4347
14791      5364
5419      2374
10305      1994
2822      263
531      3168
5744      3730
14087      3936
4520      2006
5983      6080
11460      8093
6708      2251
10263      6579
9299      3108
7353      4836
12729      4547
10701      4506
3735      7514
5970      7336
16213      4955
8533      7378
16270      5518
8990      6935
2095      954
5539      4699
6295      5198
4394      8124
14892      1840
8693      2445
8064      6829
7500      5536
8953      4620
4764      7910
3159      8098
10685      4658
3519      4438
11973      4110
15438      5367
9642      3979
9970      2044
5154      2179
12779      6931
8579      4959
13665      1238
3319      6925
8862      5979
14703      746
2893      3374
1328      524
8168      7823
11765      7742
6697      1111
3757      3653
6462      865
14472      3119
8132      8091
7250      2070
2584      7180
5426      1125
10943      3354
14092      4548
5122      4195
4707      3474
7387      2107
5121      2880
6714      1366
12222      6970
14834      7623
6615      6443
1663      5746
8225      3550
11271      4514
3339      6563
12310      5448
1134      4766
9600      6301
3887      1599
5775      3512
2582      5682
8626      5134
6387      2510
15753      7324
2341      5092
1773      6014
4881      4144
14130      4185
3268      1198
6265      6007
11179      5745
1966      5540
9084      6209
4755      961
14541      6802
12653      2452
14899      7438
7091      6874
7026      6796
16035      1516
537      4054
986      7641
14787      7634
4588      7205
8137      2482
10639      4816
5819      7111
16070      7569
13819      7076
13924      5207
16231      837
5773      2031
5758      3333
14558      6473
14942      4368
16255      2470
10626      1170
7450      2643
12977      4375
3877      5700
5130      2623
5486      2889
6508      5978
4636      3722
14810      8185
9103      869
14526      3342
12347      7465
4128      6393
4153      4241
12163      4718
15284      4964
13300      4040
2499      7195
10265      7538
4648      2186
15988      3483
5009      3267
4420      7888
7296      3809
5066      4962
1357      2274
2463      1521
10877      3745
13557      7452
8849      5376
12240      6040
1090      7522
13607      2203
7219      2384
2136      3850
13019      6286
14976      2104
15569      2549
8848      8063
15805      2892
6874      742
1764      1109
8298      6640
12128      3896
9561      6963
8608      4898
7982      604
7956      6788
10452      2282
11355      6504
1189      4890
9976      5265
3033      1660
8871      1107
11305      6657
3195      5601
4015      5873
11197      7531
4722      3365
15949      3332
12271      6186
14280      5492
2771      6527
13306      6498
12228      6064
11296      3085
1403      4538
1243      4388
4116      4886
8696      4761
1445      7626
1942      6895
6644      3541
11791      6565
12936      2854
2876      2894
16136      6370
14744      200
10798      1323
3303      3343
11945      6882
15755      4855
10965      1691
2263      1326
13445      979
3878      3778
6579      6636
7620      8176
7152      5516
14394      5450
15997      3078
5522      5395
7903      5805
757      627
13138      2977
583      7931
1152      3773
13514      4035
1792      215
13933      2071
1434      2910
10758      1748
1738      220
8465      3231
11543      1186
5859      1919
8565      4399
16063      2840
11819      8136
12414      4157
934      2919
8368      949
622      5809
6895      5986
1694      4160
7403      6035
5493      6228
937      2537
7466      436
2780      1386
3967      8180
11804      2832
1277      4363
8785      1970
2134      5571
5696      4829
12453      3094
5636      4922
2475      2418
14067      6387
12690      2480
12810      5514
10039      3857
9459      4099
8300      7356
8087      1000
16068      3747
15063      7297
555      5603
899      7839
14685      3938
9075      4410
980      4489
13069      4532
1296      6668
14288      6917
4963      5649
6213      5725
12720      4337
12755      4617
13725      702
14583      5727
8244      1305
1549      7513
2694      6185
15185      3515
14778      721
9909      5368
5602      2414
1849      1162
13496      6744
12008      6651
5282      3270
2404      805
11706      1133
2720      7259
9330      3587
12096      8099
7676      4255
2152      4067
1444      3662
14681      6013
12401      1862
13808      767
8715      6818
11832      6977
15727      3362
14939      2215
5616      935
15969      612
503      5677
1771      7409
3256      6641
14401      5431
2079      3098
16263      4057
9406      4315
8767      5815
9405      5344
1816      6741
10976      5658
8703      6349
2092      3061
1820      8123
2860      7512
12812      5316
14456      5623
3566      4696
6134      6743
8441      7422
7802      1112
5386      6467
547      2324
11931      2753
3670      6798
9294      3624
7141      3019
14268      7774
2622      7372
7259      3561
3209      6276
8036      4258
10467      3316
11359      6245
11578      7118
5637      6682
2431      7552
9864      7664
13416      5335
8881      7611
11129      7822
12687      5109
16280      2310
4040      4884
874      1888
14253      6525
9029      761
1089      913
9395      7543
3964      5831
10678      3630
8988      5840
12122      6231
15801      2752
4867      5013
12996      2287
1916      7675
15776      2037
3407      4721
7979      4467
1780      1058
11642      636
755      359
13613      5976
15050      6200
12004      5491
8808      4370
6551      7284
7097      6432
13741      5545
6676      1868
2456      8139
15307      4122
11538      1628
2539      8191
11641      1539
2153      2328
8437      2285
11494      8096
3326      7899
832      7498
3610      2029
8164      4116
8997      3982
9678      2633
7792      4492
10116      1459
14413      2519
5175      4728
9905      567
9810      2382
1983      6126
6993      7880
1147      3334
2315      255
13417      2849
13124      4628
16254      2695
7137      4422
3323      4720
6494      5323
4606      2760
13534      4052
5161      3702
12232      8125
2429      5333
11394      2439
6666      1341
7463      484
13402      5027
6867      2906
11104      5923
13485      2628
10213      1932
2711      1166
5446      5458
3317      595
14215      4117
3790      6195
14700      7043
9887      661
4437      4168
8183      2875
3604      3571
2300      4868
4844      7265
10890      5129
8793      406
2154      5750
11092      2801
15654      2834
7281      3953
9074      6028
5902      962
15393      5394
13218      7084
15372      7793
11327      4903
1166      4106
9949      5016
3357      5276
9978      5277
9570      2337
4384      8165
5005      7028
3695      291
9310      3973
8558      6326
10971      7549
6130      1131
6869      6959
14101      2933
6938      2936
1540      6812
9766      4265
6177      6559
1772      5668
6509      3765
13065      5763
7707      7740
2411      4859
14786      2621
3474      7251
7472      423
2588      7353
5609      5671
14854      6998
12848      5652
6875      1649
9401      586
8301      6520
5989      820
9226      8036
14507      4523
13034      1721
2225      303
15491      5221
2048      5757
3284      2827
8174      802
702      6578
12679      376
2099      7975
12089      1768
1419      2579
1207      525
1534      6119
14659      3748
12312      7997
9473      4065
5027      7676
9463      7484
14419      4303
13778      328
6729      3437
8049      3308
8520      7426
10281      6169
2182      3494
7398      7286
11974      5370
15262      1848
4747      6058
1261      6626
13699      2524
12357      7229
12778      6172
6113      3207
12159      5591
4913      2705
8501      2980
4761      2660
9588      7852
15982      7233
14246      7654
3550      8155
5835      2876
4536      6629
3817      4283
9426      7597
11228      5761
4051      3373
4651      7141
13307      5660
11541      4012
12131      7432
3855      7572
14329      4092
3223      4801
3796      1611
15670      5237
6544      4064
7344      6573
3764      5817
4243      4581
6750      3466
2763      2156
11925      5524
13109      2968
14337      1095
2485      2891
1503      6053
13071      3954
9775      7216
10225      4598
6523      242
13484      7526
3335      5669
1415      982
7494      4537
5875      1534
651      4777
710      4496
12971      358
8574      7209
3752      8184
2094      1098
9312      1465
11886      5993
2988      1948
2964      1547
14812      1570
12788      3762
14782      4490
3068      4694
13744      3473
4198      7117
15316      3059
12043      3358
4253      7765
2571      5424
12066      4975
6463      3531
12058      427
9347      2548
4558      757
3221      4319
4457      4215
13520      6314
11177      7737
10297      1189
10166      5810
1863      1584
10507      2975
5857      3311
13660      7495
635      3917
3243      7429
1582      5829
7337      2166
4534      4920
7243      609
10233      4190
7164      7605
9217      942
14150      5098
2444      2943
9829      3991
14604      8140
15678      5365
4044      590
9157      1381
11222      972
14336      2575
8343      7523
11111      7370
7597      2187
11591      3455
8622      218
1387      4555
6162      1620
13749      2064
6013      3007
16266      984
10331      714
13652      2879
13015      5912
9265      7815
12212      5662
11507      5775
15504      4564
8685      1899
16098      236
5532      3375
9587      5833
15202      4712
11201      4931
8267      3582
13773      7784
5984      629
5568      4742
11533      2395
1482      2809
7862      3266
11903      4873
6497      4540
13339      6230
9366      201
8031      6367
14131      4165
14186      4019
14010      5530
1192      2553
3445      7057
15925      3398
2240      4871
9626      3753
8391      4780
14463      7129
11281      5206
15486      3552
7632      5304
3747      6073
11382      4437
2928      4055
8259      5605
4693      3498
7448      3872
2199      1150
8048      2580
14527      5317
5503      2591
2491      3121
4863      516
7146      1164
15387      7102
2623      5916
7408      4263
11410      2684
3309      1736
4451      2151
1635      5405
13946      5078
14674      2219
5971      5201
7850      6122
14567      6400
7077      5534
655      5498
13491      6968
2672      2101
16047      300
12253      6500
4464      1503
14112      519
14129      7468
5968      7049
15708      1187
6024      6354
7088      237
10910      1117
5873      4457
11039      7821
3365      943
11855      375
9372      3309
10362      4320
12968      4687
8564      7560
2784      3314
5591      1683
1786      4300
13729      1075
14847      6282
4174      859
13398      2124
996      738
2691      4360
1030      4493
2494      1592
12541      1151
6038      1655
14792      4673
12343      5139
7653      978
11471      4534
7254      5390
6191      3770
9191      3989
1311      4691
12359      1894
14385      3959
647      6224
8098      5906
16192      5855
9725      2378
5757      3014
5343      1279
10804      7716
4812      658
2366      1758
10718      6295
11948      7853
5074      7770
4613      6891
1572      608
13004      5165
11381      5218
2297      7987
10687      4619
8229      3555
3606      7114
13601      6440
13040      2061
2277      4640
5674      4435
6543      1734
14159      6616
13930      6373
10453      6433
6787      7415
13921      6592
5519      3071
13036      4257
14309      4365
8395      781
7608      4443
955      7175
12932      4170
10352      675
14433      247
6536      4660
910      5730
11532      6988
12953      4846
14002      8076
4803      2636
1541      7482
2020      7088
5098      1426
8975      4233
3905      1884
5373      3424
4315      3754
12539      3150
1118      3602
10747      7865
9461      6726
11085      6757
12955      4918
12364      1627
2661      5269
7799      2909
13936      5154
967      5042
10264      803
5570      6577
8856      7867
1826      3766
3884      3132
11363      1728
10274      2694
4303      6912
1255      727
11592      5598
4386      1690
10588      3158
3973      5842
4769      5379
6591      7787
1854      4819
12816      6700
13521      4863
10006      6825
2583      3419
9235      2183
9227      3810
15741      5447
4251      3565
10663      1154
12213      1259
6655      2100
11623      1680
3823      6663
10584      6340
15673      3262
7299      6909
5238      5057
14510      272
10322      3603
14307      3312
14206      1746
4358      1387
2629      5723
1447      5054
820      4006
5036      5702
14105      7788
2109      914
12151      4217
3963      6047
5203      8160
9806      871
13413      527
4191      4681
14669      7061
2977      1804
9628      2497
3392      7809
16009      7935
15902      1074
13297      4384
4781      6154
9861      2547
13733      2742
13720      1527
10247      7710
5040      460
13565      4848
7690      6571
6271      1557
14925      3942
12845      277
1014      8128
893      6742
11063      5252
5266      7857
15638      6329
4048      4334
3151      4432
6972      5945
14475      6546
10586      7210
1378      6309
14438      711
12366      7816
15114      2678
8460      7425
2062      6466
3451      3638
11425      517
4252      3012
15052      2540
7659      3116
5662      1427
15848      5756
13446      3798
10848      6151
11221      1818
9652      2112
8569      5734
3269      7687
3066      5019
9505      7869
12200      2680
6486      6915
1304      7077
6222      6204
15987      2731
15177      2569
3359      252
14348      753
16046      6665
11980      4109
4946      6666
3015      5637
6327      8148
14011      4722
14115      7285
3858      1342
13949      1346
808      5914
13443      1922
9880      7271
15211      5462
3739      492
5118      7052
7709      6251
15306      426
10634      601
15809      7024
4002      7847
4685      3793
7975      7683
13107      1021
6316      1182
5526      8001
3444      2387
3485      1104
3282      4786
4016      2893
14835      4609
5788      4723
12275      4037
14517      340
5067      6458
7371      5398
2953      5508
1892      4521
8868      4530
10391      4817
7174      6860
4207      5844
8527      452
12386      5363
15675      319
10851      1222
13380      3149
12706      3105
8911      7393
16109      3484
3492      5011
11986      3299
12116      3575
989      7750
4498      4406
8542      3294
11569      1451
7867      554
8884      3980
1325      6673
4861      1165
9402      4643
13881      2560
7042      7063
8728      8101
1706      4746
7954      4450
886      549
7558      8030
1021      4923
14846      1725
16313      2594
11647      3328
8656      4707
894      7604
14793      970
4527      7303
12677      7883
8958      6137
4446      6780
7138      1079
810      4279
7098      6556
5348      6292
11550      6434
7652      5245
9504      295
1060      7868
11917      4108
1604      7894
3691      4098
8113      6964
15242      948
15107      5581
3436      5885
3114      8033
10285      6792
15597      836
11733      5478
9256      2984
2833      2467
11998      5026
9691      3074
14966      1282
9586      4883
6120      261
13848      5521
11915      6351
10704      8177
9460      2568
13475      4667
3682      7448
2413      3088
14520      1129
14833      987
4370      7681
2942      2567
6916      4220
10271      7840
3544      4600
13859      2671
15724      2850
8839      4208
14823      7154
12285      888
9974      2036
5653      5327
14949      311
13404      4831
5833      4645
12235      6449
14487      4178
6260      2729
15854      4033
12909      7712
13758      2174
5827      3219
1446      4963
12442      2399
6083      2744
15617      3844
2757      2412
2760      4589
9764      1778
8854      6847
3618      5029
14559      1559
11876      3926
13454      3167
12143      372
8081      7390
5975      4010
2689      1541
1097      6450
11966      3713
6821      857
14944      1084
2036      1267
8980      3763
12046      4376
8834      5881
3228      830
9089      7747
1062      565
5814      6938
4661      2620
2010      7015
6671      1654
6141      3016
14829      1730
3108      4875
13331      7072
13826      5200
1465      7827
15518      6358
5388      4366
4941      2930
14335      7244
9058      7866
1061      5351
10700      1178
1117      6621
1413      3313
13066      2164
16102      7228
4389      8039
768      5482
10041      6530
13254      2234
12418      3604
12199      2210
11041      1824
15669      5231
9028      7988
4897      1325
3190      6069
16210      1815
6483      7239
4211      3371
8414      1828
906      1874
10947      7217
11580      7066
12270      1525
14070      3042
1875      4826
9824      5849
10363      814
4028      3890
2658      8133
14275      7658
15103      5612
1796      8186
8620      1962
2598      4056
15473      5531
1622      5562
1105      1205
9410      2619
14325      1695
5927      2305
8156      4328
5325      4633
13973      6707
12266      3828
11866      6691
8495      4287
6156      1002
6100      7236
5531      1036
2314      4993
4073      6926
10793      6424
10245      7156
1199      1479
9959      1213
5541      3013
8074      7379
2839      1829
8825      546
14940      7576
12608      7078
11590      7546
2028      4382
15095      6919
3619      603
15912      663
6020      5547
6247      3586
4329      6813
8044      506
1334      3655
3766      2136
8613      7874
7829      5870
13364      1588
10643      2068
11553      7585
2471      382
14075      5378
2271      4027
7114      6024
3297      6049
4814      2853
14459      3214
12229      6030
4794      5561
15889      1262
13077      6097
5700      4305
9813      5167
9292      7525
1188      4896
12578      6207
14423      510
14686      3629
14276      7696
1679      7573
1557      233
3616      528
11683      1421
15767      8108
7157      769
13409      1365
14397      3163
11675      7983
4763      7463
1164      5321
6836      1389
10744      6646
1862      4587
9248      4161
10268      5006
948      2926
6107      4560
12141      1138
7697      4424
7795      349
14034      6558
9591      2128
6320      5505
11755      989
4900      4186
2361      6261
11149      5596
13096      6609
9903      666
13632      1301
8280      3941
11307      810
10019      3761
2587      6071
5037      6404
14907      6710
4026      587
5461      4488
13985      6448
8051      4058
11315      4960
12544      4828
9344      6290
12837      6737
14602      7864
10485      5947
10494      5975
4061      3095
13661      435
10752      4625
15048      6178
9585      5943
16006      5320
2477      4471
2576      4704
11926      4519
9403      515
2131      467
6348      3605
4850      2249
14199      2844
8488      5821
7365      751
8018      1771
14145      4119
4094      3716
11480      1410
1187      2675
2684      956
13530      5690
13827      884
15118      1252
13312      4861
10288      6436
9930      2691
1594      6881
8231      5339
14157      4590
7737      6718
2845      2676
750      6313
1108      4977
1180      2304
2984      3708
4020      5110
1354      643
15246      6983
5807      6858
2011      1953
9309      6734
7617      4783
861      347
9774      2593
15011      3468
10631      6091
1006      6536
2399      2734
3526      5835
5296      4207
4205      5804
1282      3732
9957      8166
5774      3273
15789      3597
4710      6202
12352      3164
9783      2988
5495      2451
10075      269
7928      682
14798      7810
13355      5007
10375      904
9305      7272
1266      1949
13114      2778
10921      3727
11994      7688
15321      7096
9117      779
14482      7031
11525      448
13517      5469
6044      7782
3391      5311
14052      7657
13864      5393
14946      6505
12675      2194
12481      2130
11062      7331
6313      3310
15731      2376
14481      3974
1982      1807
4666      381
14773      6978
8736      7489
7473      6328
1116      3040
4949      6211
2989      2736
15510      4482
10835      5063
14082      3090
12700      4100
12734      731
9262      5214
6881      2820
5158      7330
3579      2471
4317      2269
9233      7520
5371      5896
14848      1851
4677      7107
14361      1336
4413      8089
4319      3387
8861      6560
14750      683
1300      7993
9767      881
15334      6627
9031      2336
4635      1266
4624      7126
11345      3975
12986      420
12557      6322
11215      1200
4782      4543
14146      6494
11768      394
5255      7070
15834      2708
6398      3223
13140      7333
11486      951
9610      7661
1811      1863
15328      1466
13873      2358
12821      1775
11071      4256
14382      3355
3379      583
8819      6060
15008      4630
14466      8138
4112      2925
4300      1065
10468      4634
10757      7917
1614      8127
11469      2146
1654      1980
12589      5082
843      872
16080      2140
11362      2015
4701      4468
15342      1945
8956      1803
3007      1853
6393      7488
8046      5709
8432      1652
5176      6848
4557      6399
4035      2301
796      7098
5239      501
2360      3001
4510      6189
7844      1709
9971      3433
7291      7602
7354      1890
6573      7698
5732      4440
14818      6148
12197      4192
3965      4292
15658      5960
9594      7240
8742      2816
8291      378
13956      1227
6479      4510
8795      2885
12427      2423
3734      3301
11440      1694
7290      5939
8788      6318
3644      3669
11758      1284
13813      4747
3712      8149
13503      5263
15497      7582
668      862
7341      3871
5682      2393
14004      440
3032      2947
8128      7861
4567      8069
3497      6147
3132      2081
4022      6412
10138      5436
4276      3790
7864      3990
10854      4608
1349      5643
8023      566
4104      5068
15661      1201
14728      7308
5753      7594
14961      8050
7370      6492
11117      3079
2171      991
3099      7881
12155      795
7950      845
14542      4957
4917      4700
3470      8020
12318      530
8555      5887
14298      3480
11881      6165
13847      7427
8296      1172
11510      3705
12884      4147
12476      5625
16173      3614
1660      323
5706      774
1728      5355
4338      6142
6025      4888
1839      8059
6613      7942
15563      6111
12569      4073
9999      4679
5034      3497
824      1319
8331      6884
13810      3184
3524      1490
15480      6220
6623      3817
15667      1110
5597      5586
10657      7196
8193      5796
9324      5663
1545      6779
684      7306
12174      804
10358      1560
3042      5248
14713      442
10702      672
12175      3683
8000      3423
10142      3280
12031      7136
6002      1609
11491      3006
8443      2647
9175      4487
6499      4095
14753      5779
12621      5497
5878      3873
6811      7418
7609      5824
5143      689
10537      2706
5798      557
4638      8022
1250      5292
8747      6538
15798      5895
7476      7207
5885      7565
10065      6749
7059      398
11406      3379
13170      723
16129      6814
2181      5922
15091      3832
9611      5299
1626      4011
6778      2506
3272      1337
15886      7037
15085      5681
737      4612
3827      1240
10769      764
11826      4280
3865      5243
7989      3041
13942      2455
11551      2429
15887      7981
11923      7105
9925      4412
7178      3681
8333      3539
3077      3243
3922      7886
6475      5409
2992      244
15021      6383
8320      5270
4760      5972
10745      2349
13212      7121
3818      3679
5812      5453
8075      5638
12496      4595
14238      7813
1479      1196
745      3339
9496      2743
3403      4381
5563      4449
16304      2674
1911      897
8525      5001
7712      2265
6604      1372
16050      1101
6628      1913
6409      4352
14287      7630
9190      1011
15816      7267
13783      7147
5052      4591
1076      3823
15790      2191
2772      673
12423      3004
15360      343
14895      6653
15795      7817
5264      3728
637      4105
3705      5675
1743      4954
10397      4944
15937      2856
4566      6801
3021      7608
771      2302
13387      3510
10396      206
14305      7966
5379      6786
9430      7162
10732      472
13427      6074
6274      5651
11225      5383
9462      6769
4366      5740
15897      6423
10493      258
9086      5199
14997      660
4788      3731
5269      5742
13120      1349
2687      2426
10637      7419
2080      1552
16299      2538
15339      8129
6925      7745
16186      6317
8545      1167
11684      2865
11561      3858
2254      4910
14929      1219
1005      6730
2246      534
14811      6426
9735      5255
3054      7388
10139      3519
10420      2122
10843      7461
13932      5209
4514      370
11975      3957
5039      4390
5132      4953
14735      2888
14755      736
6012      737
1978      6755
3656      1285
14764      2331
4995      1911
12139      6854
15323      5050
10413      5142
10878      3491
9997      2066
12750      2653
11600      5275
5328      3302
1265      955
11637      5480
4909      2252
8927      4162
4568      6446
554      6484
9136      1837
14291      7295
15020      3092
15290      2562
2754      7529
9362      3557
7878      5300
15960      1520
7783      6594
14474      1478
887      6123
11207      6540
12665      1814
8665      2202
13435      7443
5502      1891
14853      3737
1720      3921
6421      2254
8254      3981
1828      7503
5627      5457
13916      6330
13299      7914
13907      1179
6238      1968
13432      7985
1994      7694
561      7338
6492      3645
856      5250
10536      3699
13707      5948
12355      5306
6943      4879
11224      895
8515      5645
9640      224
7823      3133
16181      6942
12121      4986
16139      2714
6361      7477
11335      623
5799      6180
570      7304
1048      873
9795      6841
5048      7288
6831      1217
813      6381
588      777
15434      3701
10948      3599
2637      4293
3437      1668
9169      4899
4927      5115
9918      925
10421      5104
3840      1511
12195      6708
13999      4169
1122      1790
15933      1518
5692      6238
10320      6338
14018      2197
4929      3843
5710      286
11236      5588
4960      1277
15626      7365
9123      5108
14780      2334
3586      7862
11858      6006
4604      1532
7584      773
1487      6005
3788      7472
9911      4672
3557      980
2653      6219
5832      8049
2416      5954
12361      6857
7072      2192
13717      3284
8139      4015
15268      7089
5841      511
10652      5055
2807      1477
5911      2035
8870      5156
13097      1759
5648      4758
2902      3263
4828      6643
6566      5312
10912      7464
13268      3200
10636      4711
16115      2155
8210      5093
3927      2641
15587      8181
3959      2586
6441      3471
10057      6022
11823      6906
9674      7517
12813      885
1568      4703
15410      5907
11946      5783
2654      7706
10108      5359
11885      5808
3247      477
10713      425
4678      7181
1380      2109
9120      3897
1894      5743
9385      7544
6850      717
5427      3288
14965      2655
5478      4968
9629      4726
12625      6701
3792      5141
2412      1630
10951      1811
3174      7344
15479      3206
6718      6396
7191      2786
15867      3772
14114      792
13049      5342
3753      5751
13736      7534
7545      2963
3772      4727
15774      5472
12536      1743
8624      5347
4831      2564
15484      7064
9357      1099
14493      6660
10474      7633
11038      7238
8781      7263
9242      7893
11361      1313
1929      1068
5581      2085
15762      6773
2880      1141
3893      1618
1823      4795
1586      2141
13461      7026
13939      283
6728      790
13244      2332
15429      1753
4610      5230
4224      6561
12515      5326
13292      3492
4893      3488
9093      4498
7293      1752
9125      7580
1903      219
8985      6821
10302      7320
7163      706
8030      5087
5281      1773
4311      2309
3770      3780
3869      6127
4453      486
5865      964
8605      6630
11251      4650
2932      8151
15276      3403
4980      7952
5369      8078
8373      1808
8010      2550
14513      2759
5641      5698
2569      5131
13689      759
4049      2178
4328      974
12819      5913
14999      2056
9915      4805
15296      2799
1454      2204
1963      3853
6507      4785
9834      7938
8873      690
1457      1412
6349      2998
2076      4843
1577      7509
14983      8111
600      923
12905      3505
1723      4809
12571      4864
6500      514
16187      1382
11628      296
16140      1965
7619      1793
3576      2296
11844      4811
14783      1929
973      5553
10748      5489
2390      5123
5112      7458
3704      6722
13424      2330
6937      7537
7942      1462
2874      4880
12437      4359
4336      5759
13104      5135
12277      796
4145      4339
13898      8102
15266      1928
974      415
12758      4194
8567      5968
798      5187
13762      6345
2721      7506
10176      2642
15878      4084
9573      6094
2403      1271
13820      4081
13980      5898
10127      2434
2612      3378
8221      5271
10664      750
9713      3055
7981      1955
9592      5955
8890      3285
8519      4504
10665      6486
2074      5814
13662      7586
10458      4928
3555      1470
5760      4943
9414      6212
4122      6869
1639      2048
7757      7453
1621      5449
2677      6003
6713      4014
15571      4882
7549      7680
8106      1943
14247      4763
10648      8005
10502      1937
8750      8168
10899      7281
14563      2626
11774      2468
1700      1228
13612      6478
8091      5752
1886      8006
8646      5905
9980      1951
3227      2618
6404      2355
15575      2983
12666      3714
523      3944
5070      572
10224      2459
2212      7316
6064      7177
4652      1860
9548      6363
8765      2277
875      6302
2513      576
2316      844
5536      7145
3024      7662
3290      4268
3591      1324
10001      3201
2975      7127
7887      1622
16118      3400
12363      7250
6005      6604
9938      3432
11818      6308
9212      2428
8641      2635
9340      5220
14759      6233
788      8144
6049      2367
1397      5529
12432      5861
2324      6392
11216      7480
11109      5843
6607      3026
7068      2598
7240      6902
9637      7670
7769      1607
4324      6149
8636      1950
3216      5036
10480      2819
6668      446
14903      5595
15407      3157
12978      6145
5322      1436
7364      696
10324      6518
1976      3151
9698      5423
4390      4735
772      4508
1484      7933
557      2915
14452      7707
11132      7311
692      6549
7051      2316
10597      5794
8362      1134
5428      475
10311      348
12210      2239
9668      4644
12585      856
6055      6371
4994      2912
3200      1396
6959      4281
15578      5174
8045      5403
2493      710
7326      1334
12001      5028
16021      1614
11416      1116
10691      2422
9703      4445
564      6987
7551      3185
9162      7069
5600      2177
12593      3064
11465      3290
3062      3566
1111      883
6907      6655
2965      536
11276      6696
8446      1025
15096      6740
13352      2852
11799      2710
3758      1542
3460      1329
15680      5343
5422      7011
9268      2137
13122      929
1463      3028
10738      4041
8272      4342
3716      8121
10310      6475
4600      1045
15400      5284
11290      4851
5991      1961
7415      3389
9100      8046
16030      7174
8473      7108
10826      5325
5913      8055
9718      5238
15236      3407
13000      7563
10348      730
13235      7016
13240      7091
1974      2798
15861      2030
7911      6957
6740      7930
7300      4842
11783      3486
8659      245
2202      5706
3013      3166
14930      936
3535      7199
5459      1499
5382      2769
14766      3739
1931      2700
5288      4332
11057      4355
6323      2523
13078      4680
7217      7629
9435      1488
6339      2962
16133      7355
8464      6018
6982      6227
9323      944
11906      5085
3746      4404
8815      4566
13497      6652
16101      5358
8947      6041
5808      7541
6145      3527
1079      3422
11777      5157
5937      2360
13889      4114
8756      4080
6721      1113
5479      2255
6099      1122
8398      3771
7935      3033
11121      6774
15525      5166
13411      5034
4614      1255
12225      2229
2751      7814
12250      3298
10125      812
3751      7278
8458      1845
15879      3570
5702      957
6737      3607
13074      6601
3084      4327
12739      4814
6021      1441
1433      5710
14757      2868
3902      5732
6408      4985
1598      5685
8755      2396
5403      451
13217      4124
1997      2157
6491      1128
7791      7423
13786      5183
12349      7691
2812      443
13625      6582
4979      7266
10560      3409
1148      2985
2320      2169
15298      2366
1018      8135
9253      6913
10178      3208
5423      1407
12127      251
4584      5164
7822      459
10314      2740
12144      4082
11310      2958
4359      6177
9973      7264
7257      571
7237      3729
6368      1967
9832      7644
7236      367
2359      6350
15978      2275
5944      3110
9866      7587
15628      3198
14677      4325
14099      4392
6643      6659
6438      5714
12834      5620
4313      7923
13651      6215
15416      7128
4903      1016
574      589
15717      5302
3815      3509
9211      7575
6689      965
6372      1339
5200      2704
10638      3580
2976      6928
16062      2545
10551      6376
14302      6210
14861      3627
7787      6753
864      3787
12430      4130
2195      4751
15763      1108
13393      7945
5257      6564
9553      6690
12760      3369
2289      2063
2920      3966
5739      597
2650      362
10168      4578
5792      1812
10675      6808
14867      3402
14252      1260
2078      1939
3977      6960
5868      3740
6401      5966
13800      5360
11864      2469
4888      7301
14191      3646
2500      3601
6878      3551
14740      7004
2264      1428
10972      2973
8601      3306
3168      302
9214      2851
12354      5346
5588      5970
16322      2957
6144      5724
8357      6584
7646      6095
6683      6898
834      1629
518      2388
3719      7099
10952      6817
10628      5934
6631      5582
16138      697
14684      6012
5655      3929
7818      824
873      3816
8906      1526
3505      5664
5103      7168
1204      2205
14030      4203
15615      7440
1352      2311
15319      5000
6220      6698
509      2639
6733      5262
13572      7485
5777      2761
8787      3003
5715      3935
7512      3258
15112      3274
8987      5281
3495      6016
4791      4906
12036      1564
11822      3450
11006      4247
5166      4411
4082      7124
15348      4358
5179      2920
7284      6101
11229      3907
12615      7906
4417      6401
9375      3317
3476      6894
9743      1942
1098      2213
9688      7362
1475      5788
1699      314
2775      7492
3092      6535
10376      1996
5890      6226
2347      6885
11340      5733
16234      3463
10783      7003
8306      6092
7501      3521
6702      6969
9878      7876
8853      4085
14213      880
6354      7402
9653      2709
11704      6962
9431      6341
3562      6025
3173      7805
3248      2687
13910      3511
2192      6856
13035      8084
12516      5731
4859      8153
9996      7720
7106      3659
16013      2607
7574      3286
3814      1472
11058      3889
13493      2574
1766      7918
10920      4810
8547      5626
15120      5590
14521      6048
12053      3470
6813      6304
2384      2570
5375      4093
7973      4939
8175      400
2602      318
7759      5867
13013      649
6791      3786
6275      2416
13927      1350
3958      5354
2830      1941
5933      1185
585      6066
1120      2900
4700      4089
2081      4666
2729      1102
4731      1235
12292      1673
14588      938
9875      7960
1760      1254
13580      5439
1312      6105
10766      4856
5349      285
7499      3686
1316      5148
5626      5860
8084      5329
13716      2406
12933      7248
5447      2544
8252      4629
8790      4565
13232      624
4646      5119
5684      3161
12584      5910
11622      2690
2183      2400
13047      5332
5670      342
4206      4782
3126      6099
16355      389
8401      6274
11021      5073
10330      5932
15602      6557
16147      2502
9131      4076
9358      5223
10739      2993
7113      5800
14209      5822
4084      891
10608      1979
16330      3399
9105      1995
1767      3866
15381      7780
14384      6803
11811      5892
4381      574
3638      1699
15028      2152
15881      3204
1735      1801
6435      7144
13990      4138
8678      1207
12374      6871
10788      3846
13334      5641
10100      7807
2854      7312
3264      6790
4164      6268
3834      4039
11402      3585
13464      5568
10030      2261
10246      5430
12976      7772
12658      3797
7621      1898
13865      4456
12921      4282
800      1886
14173      2159
11934      4901
11474      995
7852      6271
2606      1852
12278      6843
13657      1636
11023      1468
2311      4421
10136      6033
922      5528
10099      2981
11921      8132
15452      2386
13539      1985
15024      1171
1270      1231
14841      1422
9068      2120
5824      402
4491      3572
1520      7955
4876      4924
2782      5483
16148      1420
5385      2534
8144      2089
9944      8003
16339      4237
9013      5369
2529      4389
9906      4947
9606      7703
7123      7204
3316      6502
13407      1312
8213      5963
15003      1298
9140      8028
7947      863
4944      1600
15300      2333
3852      3386
12864      7973
5703      5930
9107      6706
5765      5548
10033      7725
14485      2699
2206      7189
1705      7721
6008      434
1321      3232
7774      5308
10911      2276
6322      2494
11297      7332
5589      5897
5980      592
7190      7732
5906      2791
2344      5132
6412      6483
8932      2539
3321      5712
10962      4479
13602      687
15461      2911
12236      3751
10751      4278
8796      6528
14991      1034
14646      2795
11697      3421
12370      1038
11203      8183
8328      2474
5615      6065
3378      2622
579      533
9370      5153
12255      7677
12064      7148
10383      5765
2019      5701
13383      1176
9988      2440
7080      3928
7235      6607
15220      4429
6549      3922
14470      4689
10034      5572
14760      2815
1289      986
5612      2113
15644      3915
12724      3804
11523      4409
12946      797
14545      6244
5529      7748
10123      5574
11066      4121
11997      4550
13323      1831
7807      6922
6233      3233
7615      2763
14283      7328
13425      3032
1376      3209
16124      2552
578      537
16374      5465
11619      5803
12641      7915
7061      4760
14066      6307
7195      1007
2937      6568
13868      363
4373      1155
15918      7424
12455      1551
6493      8027
15235      1433
892      3670
13965      3296
3986      4895
9608      5151
1538      1925
6663      5559
11154      828
8439      2053
16057      6758
6294      793
4807      3282
5273      4307
12511      7637
4728      784
7453      1554
4144      3388
11014      1797
13734      7357
13682      4228
5432      4958
5953      7613
4173      2097
10446      5411
2385      8190
1394      1226
2216      5667
14723      2371
7020      3269
14742      6976
5668      5334
1012      4568
11954      5621
4872      1624
7527      437
4443      6468
9604      6481
4933      7417
15237      1788
9011      1397
14642      4824
3333      1578
9199      701
2345      2243
8612      6480
1113      6930
5551      2557
5389      360
15082      1545
8487      6941
12196      6950
12521      5617
12409      1343
1382      7731
1435      6662
14771      4933
12508      4803
5453      5627
5820      6257
9617      1369
10146      5081
15193      4350
13857      685
13308      927
13285      1612
16082      1816
4330      5720
1819      3682
5954      4702
1981      3367
13410      4520
638      6647
12861      1097
9378      1642
10195      5309
10573      5070
14271      6208
2458      7351
16235      7186
11380      3972
5810      6062
9356      1049
9555      6937
11212      3264
15981      6036
9690      1610
13341      5600
6927      3927
1185      8104
14169      7341
5285      740
9817      6996
2029      217
9755      920
4497      6378
9939      6542
4959      1896
12811      6015
2838      3779
10380      4470
14306      1404
7109      1237
16089      4830
15734      4503
11488      4053
14590      1987
7360      5891
11032      4654
12124      2571
8850      3192
11286      6203
4050      5550
4471      2997
10544      6297
6722      1390
12365      561
11050      4509
7750      3700
2752      596
15961      7008
1554      2777
5167      4477
3320      3458
9479      8075
14049      2831
2823      3254
8628      848
4515      541
10301      6303
3153      3805
12186      4453
11740      5878
9160      7176
3253      7133
5571      5665
10841      4465
9781      3536
3071      787
1840      7671
15849      4244
9361      1842
1396      2830
13348      7722
4475      6827
14719      686
8901      656
8100      288
4177      6403
14100      1676
10913      671
2120      3075
7990      999
10672      933
12581      4485
845      7256
14136      7006
12874      3865
13059      3703
839      5766
9465      3960
7221      6650
11108      1081
4485      2531
16182      7352
12868      2627
2704      6566
7695      7649
9275      6311
14605      2230
6818      4580
10055      7025
6378      997
2841      1028
13592      7695
9200      1871
6840      6508
675      399
10084      5149
10773      6213
7522      7510
5484      3242
15483      1035
8073      6143
3058      7487
3360      235
15487      7130
2881      7556
8631      2498
7665      605
15001      5659
1022      4323
16172      1805
10508      5716
802      2495
2064      1846
13010      5594
16306      6980
15928      3321
7859      470
8638      3240
14461      2720
1877      5101
8255      7092
3602      1574
6547      6670
7406      5818
9658      7299
13906      2599
11379      3156
13055      262
4523      722
8125      6654
12316      4344
9575      6522
12093      5915
8680      2419
9224      1576
1596      7481
15544      3331
12406      4845
8843      5856
2904      4596
4578      4982
3984      1723
1821      3649
11702      2483
12340      5902
15948      3795
13444      4196
8503      7643
15768      6464
3103      7797
5476      1315
7276      3864
7595      1936
7171      4329
11375      1438
8121      5404
9112      1821
12708      4937
7044      463
9935      7870
6808      2375
15189      3135
7610      5071
12741      5925
3678      7640
16239      3839
11813      3120
4003      2190
13904      2630
774      654
10009      1318
6939      1482
7196      495
5882      5909
8140      2749
5879      4802
2683      509
16076      2679
16326      4253
5172      1757
8552      2415
7687      6027
5105      8142
4833      2663
5299      4025
13563      7122
9020      7783
6057      7494
3993      3826
13567      1168
4765      5998
9888      4597
6395      7616
1805      5687
13538      1749
4617      6975
11462      4601
13316      2212
6512      4995
4069      225
15558      1062
6336      478
8276      379
1101      3613
6985      1316
15535      7647
4136      800
13174      3870
9502      5072
4433      3021
13708      2873
1364      1440
7176      2143
7991      739
5248      4175
809      7219
6437      8056
9807      5035
15335      6394
11205      4202
7004      3277
8540      6347
8448      2960
3514      2616
5724      4579
11490      2321
16319      2033
7837      1100
5638      1014
14603      5549
6929      3724
6359      7329
780      5728
14852      8112
3076      5721
8342      4511
9671      6614
7931      6120
14142      4182
12652      7953
6608      3038
16272      5095
11767      6537
11214      5479
15830      5715
15593      5926
15046      3009
8157      7555
9355      5371
2659      7830
3314      5295
5669      5032
3894      2060
8855      7414
13996      1076
6983      1357
8524      3250
6431      6799
7173      7794
533      594
15351      2608
9052      3291
2453      2165
4842      5837
7820      4563
8363      7609
13318      3924
11435      1924
3136      4969
6856      5958
1425      5069
6478      560
3727      5331
11629      7282
9791      7598
15820      617
2931      853
4654      1006
5007      3706
6246      4998
10037      8011
5182      1015
4680      2737
6617      5927
12241      284
2001      5613
2305      2307
10211      7019
9170      4935
16059      3084
6584      7349
10829      6777
10894      7756
9901      7029
11686      4061
9042      3856
13456      7454
4592      5012
8806      202
6227      6611
5505      8178
6137      4308
8930      3065
5271      4225
4694      6239
12019      7380
8211      3107
8740      1475
6158      5952
7185      4336
7212      7397
14616      644
16087      5222
11667      6454
6201      7235
2317      5614
4109      301
10424      2673
15824      7903
1038      3278
15606      1105
5942      6903
11916      2153
6630      840
12327      3829
9040      4222
5464      3785
876      1481
3481      5145
5477      3496
3593      5834
15955      238
10253      6009
14698      3087
2284      7134
10501      7934
8282      3697
5443      5634
14503      4529
13502      8031
11506      2217
1652      4610
14050      2256
1681      2652
13869      5619
6730      4104
7686      6590
13639      2914
16010      3465
13573      6470
15010      4191
3466      2870
3835      6179
14962      6715
699      2460
16054      8088
8902      4623
7001      7730
16240      7170
2129      1741
9627      4675
6413      2979
13265      7947
11795      2218
5614      1538
7692      1408
6414      3939
14977      5113
6747      983
15674      2604
14581      5058
3260      1903
11009      8174
2767      5650
11597      4200
14650      7829
8556      6832
15701      6531
3629      7804
15403      6999
10143      6061
1072      4452
1381      4792
10007      6057
12674      2953
2443      2583
9677      2364
7768      3583
13450      2002
14017      7400
15693      5816
12026      1429
12146      2456
5731      3595
13645      4606
9568      6763
8015      2390
10476      3674
12110      7431
9128      6059
4332      7733
13095      1681
13876      1565
5370      752
5642      2004
8754      4024
6555      5434
4540      5102
1573      6240
7470      6702
3060      1467
8904      3218
1149      606
12429      2577
14683      6920
14765      5268
11366      390
10256      2227
4669      471
2718      293
13085      4047
9719      838
9457      3410
8120      3292
8999      1059
14441      3802
2053      4717
2703      6760
2697      6379
1759      7932
5912      4298
10979      6008
3276      7202
4076      6093
13365      1784
14041      3750
13545      6063
15162      633
13213      6327
1355      1309
8743      7206
12576      5691
16034      3457
11588      3182
3730      2722
10681      3436
15030      2149
2875      6138
1346      4299
1914      1880
6058      5673
15411      652
7846      5936
16117      7949
2722      1502
1131      1767
14439      4748
9620      5579
16088      8159
12982      8057
9872      2003
12871      4296
2556      2661
9274      4909
6264      2951
9159      6889
4727      7684
15956      8026
4242      6877
3985      2160
3250      4351
7635      3999
995      6113
8249      3247
3483      5938
1917      3493
629      6254
15967      5400
7161      6362
15765      5130
8310      6732
1284      4669
15117      5609
950      647
9893      6114
9846      5100
12766      7474
9254      4567
13237      2848
15158      7980
2026      5618
11339      3967
13275      3733
16031      4911
11830      5067
1658      7564
13579      4246
4272      1650
3896      5066
15647      2602
14226      6045
11265      4791
8382      1486
5806      4201
16185      7504
11513      7103
14281      6544
12519      6323
6686      3325
4456      292
14404      1544
2070      1802
1674      8173
16312      1210
12512      5155
2591      1643
11546      6511
9506      466
3794      8052
2948      3577
4672      2346
1025      7621
5155      1697
1251      3426
7049      6462
6443      8152
15178      4719
8707      1211
6891      7581
16251      5202
10496      7309
15376      6380
10172      5888
13136      3431
2312      8130
14231      2248
6074      1446
940      1333
8202      2771
1395      1024
12276      455
11964      3177
7067      2727
990      7511
782      2453
5770      5889
14566      3878
15808      8157
11241      1731
1294      5990
6719      7187
7880      5767
5485      6456
2468      4779
10441      4028
13001      4978
11515      4677
14065      5981
14121      7568
7812      2940
9524      2725
1504      6206
12398      414
4730      8131
11401      4248
9119      5353
590      4112
8206      4926
1483      6811
6997      2864
7177      1869
10662      993
15002      1839
2310      5474
9770      3490
14046      794
12725      6911
15503      922
9165      5875
5713      1930
9551      908
9776      950
7923      6887
10992      2055
4469      4599
12356      4309
7277      2198
4034      4743
4767      4749
9048      2264
10090      1269
3193      7368
2174      6315
12171      205
5499      6372
10714      7768
2682      6153
6558      6281
767      3220
1575      638
4100      7665
2472      6638
10031      307
2039      6868
4227      7104
9871      5290
1086      905
4143      5607
10742      2818
3043      4996
4615      3591
11478      2098
1367      8025
1897      5782
2326      5406
6550      7990
6345      2175
14678      2343
3974      2059
5029      4497
6582      719
8260      7614
13748      4243
6746      6795
5561      813
787      3792
4226      5573
4130      4820
3960      1073
11372      4825
13433      5433
4019      4167
11317      3253
12208      3891
11806      6879
8782      5935
1881      8019
13181      7377
10880      3417
926      2922
5891      5053
1946      6250
10415      4115
11829      4533
4023      5366
7452      7384
14951      1363
15226      2148
12114      811
1539      2184
10907      6361
15064      4526
14591      924
16349      4415
7984      4000
15630      5059
10394      7010
4525      7459
15025      7559
4649      4401
9558      3467
10715      6463
2024      3819
16359      6761
6535      2787
3640      2800
1129      3506
2730      7751
1124      648
15517      1675
3983      1648
15229      615
7785      2715
14878      4034
10559      732
8637      959
5779      8002
9742      7928
8288      2874
1392      3320
12702      877
13546      2812
4269      5301
2143      2974
12353      5083
12808      7723
8324      6431
11078      4174
