6
246532
574570
158203
700612
340633
510326
810725
310216
107499
443990
617779
866504
384885
861526
967711
954076
565762
678440
1031006
47592
176892
184041
249364
899632
345181
868243
721682
638395
973968
466778
1030581
359441
153851
452340
351969
492243
435961
341121
167915
167820
361970
565784
173367
206604
131172
474484
181147
284176
90876
1013361
686881
380920
804478
563493
403624
695090
328205
167838
962907
500106
591566
672984
914245
402942
836587
212699
1030576
208677
375629
628763
663223
560271
1016984
830857
107478
119024
109265
448139
153006
137747
899192
379750
562435
216280
716051
772102
809792
233295
810622
303817
563496
400758
85761
222797
974090
100939
510667
465192
767163
1031005
598258
723866
179698
175368
343681
259204
275403
196895
420153
307387
1006217
864581
664567
599137
916845
796288
807263
80019
285187
520003
756909
372777
1003645
284866
767860
612408
915586
424529
1035113
820583
44783
854584
41473
677408
200678
438402
126950
577289
299889
548185
458502
1044450
634766
501117
448804
740367
208205
229860
303825
92431
563492
902730
823993
753578
710750
232336
62227
451819
475299
986647
66444
731613
507820
961958
680196
504690
93059
802094
1022223
545766
183962
598287
298920
59598
261982
905364
920267
743173
547185
235696
487773
526169
948636
66460
634206
687510
763834
346855
649244
685293
598873
176167
631791
127639
128725
349715
1043623
975122
318770
298287
32243
857483
881512
864207
346596
142206
146233
181343
302608
925833
438459
35540
672455
574565
44503
289737
847063
586613
719941
366660
720126
992228
235430
646435
625911
598232
177736
632019
856338
768519
518988
511344
159653
690724
827688
777167
886887
122271
724214
740355
559533
454941
462149
130114
176679
990333
387737
375382
264212
257830
247647
637283
115560
851988
960068
176137
819887
845283
485268
83914
256621
225518
224373
780099
312189
283396
117788
595554
784359
406689
185165
385369
184398
791981
711134
761372
192510
316560
920272
90488
709499
892331
550752
979676
1001412
454320
212709
960714
165317
49170
93102
811695
590584
996572
393300
696216
487695
860454
83664
547382
1014204
70498
927280
57811
547173
489944
947089
966144
755909
683093
448815
705445
448110
937517
989516
300880
86347
735400
967071
410479
900509
291479
445709
398138
98927
122345
354043
635548
699674
903398
510317
143212
642409
598832
504655
503179
857893
39836
169654
605764
336933
930052
857915
641994
519530
1017463
264742
1045899
959479
378008
899673
899249
795782
928238
992738
785376
267360
100969
817797
616237
738146
530051
680904
589592
656073
44931
504659
589598
249920
283411
618814
573546
447065
74552
632774
793675
53388
603634
104094
805712
582649
632007
1019268
1048161
929774
550500
103847
466956
436065
638109
76779
665358
595190
164296
451720
973048
190567
581517
771425
894765
211426
707709
460513
419529
981392
227688
846476
427056
691828
941654
862800
621053
925324
973536
738488
750141
219486
698211
151108
412478
816655
257423
296667
340639
55352
466187
781573
529979
381971
275965
336361
343907
508595
376903
210095
520461
664042
306458
1017434
253716
773934
385367
70247
171778
49134
715332
240248
722590
345961
598243
416808
562456
683210
66263
360170
1009719
64331
221450
570017
276077
635849
1035112
174164
331180
122537
511831
669889
617189
845728
860462
371686
86049
221490
354339
42740
1031972
896573
670525
939856
534991
82234
791754
302738
655749
99690
225788
836249
154626
545733
302238
463603
783924
547658
612674
929693
616209
743476
1008976
838218
957818
560390
347331
229969
960104
691815
873103
593161
316553
868214
899181
952217
95016
563481
657365
195978
211414
782403
415343
843613
845416
591072
68890
1033465
891962
290154
974145
376931
560336
685728
390946
443569
464505
50512
65351
533059
814766
419237
59978
425960
64334
369771
710613
317492
261262
1006345
443259
509477
555886
269536
48352
926372
121094
960085
665255
873812
247376
625537
1019214
827721
381961
773959
82828
405628
741471
98606
906050
84553
281052
181718
615129
135672
414889
806094
728302
499025
785320
723902
763522
165869
689047
680605
799726
369693
287044
618127
963355
131141
246782
277113
780521
299047
477025
391555
212320
176451
504203
259534
793926
830787
927070
1028901
642134
426683
859196
573825
60030
828150
35531
308867
588264
1008607
88355
863786
242842
104239
559229
365487
822782
573349
385634
182688
149517
718658
602191
360066
633926
930469
186704
794256
415868
665695
63316
350989
305274
865229
790233
179709
81987
1001916
805376
752966
889884
831150
829051
565139
336510
362802
755584
261413
294832
474004
531489
341996
166095
111987
979682
385620
581410
530666
154625
671382
1028910
723664
848966
961381
1006822
948541
722953
520809
344015
892070
434451
603505
1026364
753747
73944
746746
747441
745777
139134
212074
829135
144936
798480
961200
980459
258833
612369
960179
126365
47176
859249
227256
289290
388181
132736
517227
874279
915110
36130
312149
172651
212491
426535
708551
284360
225270
708303
614936
266518
489823
760684
256545
106267
335243
35548
349898
572997
516161
617171
665261
212370
419730
117006
524726
320982
155382
144671
473751
365661
414964
409664
310270
915345
855023
677765
177278
694011
950582
390901
810092
288707
622030
836602
81050
953093
1011663
490573
471753
216974
951362
852243
1026855
767822
881816
1029257
919118
525545
978604
768764
723256
567699
643270
321880
629309
944006
57011
176510
669989
636088
556365
380993
614923
466355
231051
275899
74481
132110
258926
470599
929287
393451
418273
114709
887028
1012739
302734
754649
51245
823950
575995
153851
468888
314725
668074
502706
56054
40811
1048329
659293
782861
410556
451938
863855
329569
33350
122247
546698
62663
1011749
341019
690592
946679
739942
930441
198395
926816
753515
619404
422674
349531
618954
645783
38785
618564
343758
956222
205868
920632
852788
396948
110292
464294
259126
887581
372510
204384
320473
755194
939798
894334
559578
55954
809072
165399
583882
32595
288670
844256
406380
414942
410418
902448
382837
667363
939368
764719
627613
666953
578573
363184
911304
179252
266555
392633
736975
159983
318675
668173
906829
324820
588241
106296
368515
1013433
1020385
822756
511338
760077
549933
696333
74909
315645
791389
761720
510329
376671
384780
1045174
107417
262044
144728
415904
911192
118314
666099
905600
767474
968064
469511
559416
715523
666054
76143
801436
257453
744962
814391
794504
114384
694293
996520
681748
947409
147047
813002
482195
93941
805976
168408
691117
864426
671750
590162
190707
718654
1046372
379933
91006
331144
220676
857731
251355
862130
988958
407141
623499
869944
244336
86684
805417
717739
377025
734147
1019764
471778
745756
851728
172510
277032
416584
836549
222812
358560
432968
571630
842393
169917
780642
331479
289290
699729
436063
384797
511392
239862
383634
704695
168248
351735
915543
152752
1008192
418312
562795
510650
978393
709917
530474
430706
229884
948016
512033
563575
288706
682905
89109
685765
159988
708022
214827
212246
204410
172473
481448
958636
372114
435952
258117
788302
489943
613019
460589
824897
725739
854721
206312
191257
290118
544967
834620
579089
510862
163907
576427
497559
481462
850029
415123
614659
644836
839827
871255
497263
164923
636937
687271
521031
514330
141958
811673
267013
677776
183984
1046367
477343
247605
376463
231068
735271
671090
346830
697223
45453
813148
774820
666991
189637
1014172
492514
718184
1044477
286257
966248
361035
645795
943549
414676
466309
69798
168434
352214
531443
1021923
586893
420234
972997
498387
921684
354050
519241
744793
845911
113420
583180
100860
295289
452578
991020
834236
523721
637294
421262
358210
623545
699453
442665
874186
345922
111576
477637
811468
110630
398443
860528
764681
358705
615686
724343
744223
924107
575220
421297
710256
693843
887677
387676
204821
892150
793682
957611
562783
757136
864411
62187
361590
563669
924136
476266
178102
765538
361492
527677
727869
95212
242969
201577
612851
192988
545217
1048261
41469
564514
376285
282621
974088
542279
178205
249733
611446
41833
282440
682058
950666
93254
265325
469824
166819
130001
832877
642003
528622
634577
420254
63716
394375
865379
683551
120008
949845
413297
675289
224749
713874
372539
376204
783156
870055
865092
1037466
355415
1005236
46127
629417
556025
164102
546174
659547
961562
667112
961196
331491
86894
810021
896720
223640
812834
472355
438431
767626
527943
763206
698219
1012781
846414
677848
308874
828572
900485
208231
996545
127675
545292
426997
308905
636933
354058
617841
812907
638519
927222
673011
510280
613939
601679
277025
611866
394931
233210
411986
59299
344017
377760
504801
598307
318532
690149
784023
629253
682489
134114
423269
561144
342945
61949
464725
772551
365708
82216
1045040
937028
585060
145065
139156
538499
352002
725735
576737
632060
358671
399282
38747
828104
896736
604245
845948
960197
167168
973977
528347
196383
137917
281027
330850
182113
569912
220499
770957
614459
592522
416573
734630
958180
1017007
790776
404630
767653
533594
762738
289766
795565
396902
561075
960090
537696
956218
1009641
533919
94403
48138
958550
465169
43829
957795
803687
194619
141801
491989
276053
681479
147859
216338
248223
891210
869057
795805
169013
116690
698903
357841
969789
236115
645420
878718
111960
375605
1014406
369703
937399
444935
159814
107148
387664
687972
707986
588199
546750
850739
308002
884395
263030
762275
44325
518560
184443
522066
76492
170428
556474
893829
528403
406361
946723
113982
338301
884283
116489
166321
222823
87497
315192
838690
899704
455904
451964
638140
682062
275872
284707
520498
572357
494228
754891
508664
951511
73557
577756
707220
625299
534984
694232
110172
41690
726548
560983
698460
376691
563494
81781
365682
460898
92569
937145
977618
921248
588505
548444
572635
691820
430002
442418
460892
288318
892325
272097
82747
755930
851649
214976
706911
489962
633686
274410
543675
963676
466328
576890
589685
777974
1021546
183086
398426
757111
612510
225771
605271
196277
884057
265625
698487
376448
171652
478340
889136
895379
745360
94077
535884
608065
463726
745062
562302
640813
682937
88297
93116
728318
520483
345081
388216
427054
921420
90929
213538
296320
425244
790546
944640
899696
743432
283750
676035
631813
190756
797050
307657
439974
813971
362411
915783
430212
211405
70525
249942
940804
476935
170464
642510
135728
849887
701583
100817
930939
635914
982487
296718
347123
55919
335271
638044
791392
445524
261421
1016227
161876
266694
640809
1011864
874680
405511
473778
899626
198960
520023
880860
703489
924951
102651
745078
731233
573344
228906
100668
1026985
153890
465542
594118
151418
555272
723533
959366
738783
106338
212254
466041
55136
567203
578591
909771
683603
360825
868675
146377
830900
721806
683572
238733
192877
613870
832709
592968
741310
186094
437896
376550
723045
662325
932064
798692
1014285
905044
253443
207442
119183
973624
886823
985655
700712
220867
584413
176459
93643
86762
754684
653693
870525
251334
349743
1022381
430871
428113
597027
858273
443372
716089
232205
611531
986437
829250
829250
528969
879631
516797
488101
523772
834833
688567
98516
810043
470715
575689
581307
680865
817351
513920
75551
760391
813016
869098
95087
349430
576753
816177
487686
256325
359204
697548
510431
205149
717775
562476
547430
631130
100981
775866
663720
258913
836958
264223
700672
430182
489007
165825
194781
694516
295932
443675
944914
447264
922039
365481
714889
866939
574557
416202
1014525
759296
859167
34169
949278
990314
945356
809531
681528
928866
611316
210575
119253
56290
731940
92941
725784
581516
930443
178229
299762
415041
911203
362522
633686
273737
399815
313411
828130
593739
761999
773733
291746
588896
410486
430867
701426
314728
801228
908268
368638
358057
498637
936414
519505
459443
331902
1010886
259274
939849
566648
317420
409325
611393
157334
936922
641826
631768
675886
355422
960862
65948
131881
482233
757446
131126
901534
500138
590964
627076
744216
950299
643424
271527
903402
897162
1007508
928480
90886
222321
960156
791371
892102
51715
84639
347074
257059
383152
464465
552077
697563
65921
537082
726572
203194
62348
1032899
179470
316429
71810
459286
276322
52767
1036345
418791
547690
480859
113647
761353
122327
766391
166551
60537
61121
58612
280435
442372
616961
596709
89426
89150
388109
605284
435118
780565
398254
171816
1011267
994282
1022057
669955
1047145
292527
896807
1034276
721056
801075
41531
871718
360134
733037
267784
816697
843125
646797
424324
464056
223637
899799
874297
392501
840286
304901
1002306
313410
189799
622456
784835
949367
78807
209047
802322
602247
884597
533987
1026970
62409
46464
95250
788345
856324
936193
382989
455279
197949
502153
817822
817057
575936
53699
90952
775800
148181
107164
926455
186936
372979
522170
42814
743429
493293
554190
280614
751407
884424
420104
522509
374876
206646
32585
215308
893676
890300
520960
810126
816501
643662
256068
699637
240087
144673
130121
694685
434642
190556
902724
987482
396969
602260
600848
411883
52762
638602
458989
50509
837817
245091
315102
125990
817878
897097
389356
974664
768311
124348
985853
267661
89311
618611
315347
430928
129581
753165
983537
51002
101044
431774
620708
975796
1006338
279586
165652
600212
592772
302846
420231
718178
410558
131521
586078
173300
107645
602929
313464
953596
430676
465144
666059
998551
1014290
715555
691489
1017100
917616
216974
1025927
599201
367572
185892
653495
163909
295547
424430
823112
268373
868251
57139
330747
814109
635213
343929
1044075
151061
822764
271500
983896
937516
223693
307994
258595
105201
898214
386876
879459
478347
177603
974465
619167
636783
292237
102767
460171
565175
233337
920620
328448
362842
188992
222916
591086
236240
480790
100511
1035620
820545
564743
157587
244365
441064
865114
758240
649266
638331
329935
139093
562065
830828
1007475
467353
927127
428102
146057
559856
1025761
431707
947950
565138
638066
1014161
763088
853885
911178
242437
387701
683155
700405
792106
256369
901525
451955
643213
55654
693441
489836
514011
977333
163290
498626
862140
660794
798850
336933
1045040
672966
214886
148529
152601
218064
990320
276329
170168
171747
297888
688559
298652
881575
267163
345161
146403
654477
553353
626042
672021
382201
917572
355857
567747
741007
122522
536250
240167
942290
885232
845708
725801
390424
611412
625554
59290
357804
419309
265178
678962
893201
843620
116416
137197
1041422
987562
456110
500143
340998
206617
972969
269156
220943
358548
300798
100496
846416
514265
816189
111071
920993
768290
740382
658453
1021458
928698
519711
810706
1011565
242839
902441
383161
655770
657544
39256
159331
383471
858312
736469
62703
1007497
379744
852233
881814
358421
398243
698900
471030
368239
914120
596773
914561
312239
110303
396901
762857
166842
1001814
34041
592440
340377
345163
332025
279709
255165
331696
194381
763638
590584
180734
561123
911245
351726
832288
721679
499058
614067
369300
950331
491796
76497
914973
190578
298330
682534
466759
747197
195751
781620
166800
328479
534568
767292
344125
372779
141807
507605
672474
367837
914033
557258
902479
247564
698478
238779
347073
469309
972139
316069
179376
188601
617612
572076
234645
70871
1027215
149500
1019237
491921
349511
94032
148517
509040
960648
762296
48035
398936
830848
480787
502413
118360
146505
483318
967516
823105
960210
642088
688094
546693
458348
740122
376236
739323
145077
931133
114422
805212
90985
1017004
806937
241637
440442
562082
480103
41981
780642
76065
73738
477882
486249
625984
946316
980445
842927
640633
32629
1021554
359277
69770
556601
331687
896284
892777
971363
118371
734172
1033004
257854
259229
133075
727475
1031539
836406
617016
74164
942021
171787
462307
682439
970520
656209
302731
895514
294660
372983
152651
565725
390865
768541
801238
875897
228716
296697
460919
110099
687336
648898
446238
637308
165842
791992
1028892
365847
460203
973877
606279
51801
212465
132925
757394
301430
809522
858349
853843
566836
414811
789436
888067
569890
547145
398956
388357
812800
639767
547165
1035853
899232
857483
62226
88500
290304
316849
130117
344594
905312
534910
581159
816529
397688
341987
171022
236136
872943
371129
802318
874182
292283
645130
312169
784550
121844
103319
502695
335877
580111
718197
86040
592392
593233
868231
194669
289452
583106
754216
106258
876148
277107
296675
297906
722490
613646
118299
486095
1029291
849186
949308
256574
899511
157023
285099
125998
126966
1008617
173113
772544
379739
792677
831151
789975
487631
661131
115913
400693
316744
987616
162052
43217
328493
687506
299029
617242
267997
93798
1007536
1003429
483316
758025
914425
212030
419217
601330
255021
209678
707708
540352
523250
836738
332950
566746
414689
979844
920110
460819
442635
640616
734768
506543
181662
836979
529439
195754
541835
515105
743890
991463
390969
538313
1025785
543184
588845
508829
210771
368502
968651
957515
811355
665081
310050
805448
421395
76007
618972
911156
317579
1016983
136636
915347
462144
134016
801393
329906
158528
63346
364293
939158
687915
809828
497194
72344
160603
1041965
70946
905382
87494
1010281
763631
1007427
89351
133199
399855
377763
920479
79837
1010908
509054
146211
710732
451689
1000550
158231
309029
493868
34162
446876
566653
599974
115300
427109
89293
84664
149880
914294
870049
612150
1041037
329429
911120
54106
774003
162502
275394
570771
599660
682470
56120
1005892
1047160
643317
271512
525214
113974
599700
267700
539659
835554
667034
105401
551241
398562
811679
800780
1032906
415325
257051
148778
384343
690797
46503
39256
141960
55489
546590
796300
956127
687318
615495
981729
188582
507087
325295
321019
883735
817840
486984
229551
534852
409713
847656
343625
586475
543432
642177
973826
763941
782631
747271
638044
874569
209181
392596
680736
1000891
412279
46480
362797
672478
729579
354524
997955
1041469
950614
920396
740132
910843
173092
785677
414117
492631
755885
285278
668573
834318
854551
94711
173032
770819
299066
859758
505826
928222
899191
534284
398578
232250
801351
677559
754899
531884
263466
115908
523160
878352
315733
366831
861542
498685
658165
327804
354281
911301
219982
598738
70525
937355
91299
942074
877842
945803
1038921
448988
453639
545549
201379
226275
274048
520506
387359
754158
616972
820229
216325
977191
106570
276093
1021228
912830
761586
251500
520980
736672
353780
488674
1044646
794544
85385
273438
890290
577764
613558
838988
938872
136850
370452
763646
634190
169658
917496
845655
406125
295950
390392
736836
1032560
828134
657221
535430
908281
93670
444377
254965
911811
491815
312846
310039
260866
652529
110160
360102
165595
718244
923515
672477
412419
318659
487079
316800
567849
608482
623589
331057
185883
698080
975193
356392
153552
284500
487669
207486
946802
621011
298999
757570
562423
863447
289307
735236
415532
771423
593258
783222
832979
177602
896314
710592
418754
256071
845090
851224
302317
424375
983925
687676
769245
266724
50596
437950
597988
680126
321347
625097
611406
847098
811479
66890
723842
927562
452536
385367
668707
206301
859156
181753
132124
876500
829043
748450
939819
812848
51885
494596
270905
157667
304338
55880
57587
904439
298430
1043517
592296
735672
122476
974492
154676
790869
288966
689104
566756
378415
723051
369513
177753
430244
103632
195505
255022
131668
711172
1006382
713724
956570
567836
353986
34398
67892
215015
373862
959419
774168
733479
155332
718387
705456
297733
497199
154339
551682
143412
658752
271987
571609
267535
763225
484743
829780
304761
658566
405548
219430
736467
642224
379935
500725
850357
534565
241062
348354
581309
631356
614731
502578
126951
372529
394026
60483
592555
128115
446567
766752
886811
628037
559554
463413
997599
299011
633475
394412
124267
387389
957619
603536
286196
316585
303849
284919
972108
79811
232834
877262
975786
802507
840707
1002326
826197
599041
829971
682599
512658
596704
372953
976829
372949
97331
510392
66935
895949
502541
937144
61949
306484
531479
870541
318542
913935
763927
456069
868043
372115
847853
276220
67884
353252
1040345
519515
983785
70738
205463
564859
203322
497166
601968
833253
574569
871865
152579
680955
273408
801254
497275
771758
179985
889506
970397
236105
240104
395686
699433
175061
129667
726571
972741
1011571
358852
579356
433819
824931
769224
141842
950692
308152
675826
1028900
488491
914414
613190
555890
306686
904718
629376
289793
430641
802375
749226
168475
83252
354007
713588
264705
1002739
82699
628297
143750
780581
886858
330747
463552
771758
761826
863007
655971
91795
687993
132024
770979
725611
246948
522157
295418
264377
853236
301389
902495
690747
889873
860862
874606
42929
287447
852386
929683
557545
231937
926303
780838
767933
585165
948368
384133
574573
1011363
658570
421757
699641
88100
850254
683432
931758
48332
995554
824869
309772
554599
788253
482212
122366
148279
717593
193540
299336
793452
220703
131145
57275
882134
95174
832698
700716
892076
851147
966227
768085
636755
902524
756544
148286
882328
562433
276775
567669
275418
358072
364236
663222
961199
91846
204812
302282
71114
193524
392779
929394
785360
802051
991790
180020
966131
236251
411989
642677
834194
77252
198933
656891
1032851
504357
745441
232317
126473
741160
834873
1024061
408140
670762
988968
839970
256344
581973
572080
632843
451774
1032863
642373
534993
698208
918019
856789
722372
973589
889088
206157
691509
963652
759761
821403
408760
71687
926264
705908
874199
247360
1048171
150038
376052
219998
588520
550740
958477
626921
600845
299380
572379
934618
195846
418331
419555
251059
504370
678974
183988
1015514
42885
757307
284869
272042
177637
128722
240089
648148
769276
852729
258253
922863
475318
68003
1001738
810569
731879
748699
95204
369594
245411
246540
163960
741146
699727
49171
314369
380438
489393
461155
1018418
756615
946349
963206
700968
611549
354315
650631
1000839
451829
485429
164589
207565
939373
411898
802871
652922
155590
88354
499577
749770
520210
348413
758871
680952
476248
857749
502497
911176
443231
322527
978604
97941
962563
617213
443329
636434
233243
571691
660754
465724
868177
756716
756403
921665
243956
866471
743482
715349
267699
150904
539994
860359
351193
924071
853398
221842
859765
676119
118578
353465
956919
284487
336348
658798
298861
556420
671664
958590
177276
368624
318602
478516
930433
510886
493856
304663
807293
265800
893879
1001449
539164
467822
91255
429650
415889
418242
352132
866266
419390
463668
306653
918709
177513
93814
540147
571526
248845
75544
93088
670390
886825
56717
956591
789167
348579
1028046
909165
349531
687297
696181
658608
1029253
618990
107457
468615
519741
777713
566429
499373
888140
981745
872464
466651
921909
404667
883856
972133
657190
267187
736865
847199
341033
1043175
274413
840724
670372
768529
809313
459357
445512
892926
86852
973036
564790
956304
651287
473843
864445
71877
799791
1039075
506521
198596
539166
520013
131450
564218
443695
234789
643524
135034
764705
838871
381960
645769
858674
451271
809757
60484
591085
338974
1009629
870435
701568
171758
40698
64796
701592
597435
423375
513941
642541
431180
503592
166278
351135
394043
799678
276358
836197
676033
211167
69819
530960
834582
277304
361631
662921
324850
979896
988932
222299
875091
53212
151063
245454
930912
328243
920098
902289
212323
853859
1026031
394923
381978
181655
264379
255069
581133
423271
853561
766458
359202
707697
719985
242874
445709
466069
706055
721374
426467
278269
301415
1027499
233233
369879
793670
443680
129917
929385
687508
410113
69697
552731
594773
33831
349549
1018007
361019
734603
205267
116693
566767
280704
1035141
304793
981005
820599
635565
783125
285003
455929
869917
905615
330705
866532
466040
201915
534702
279443
404261
900809
489730
756672
202258
930800
146380
193493
330679
364545
499193
768555
654495
311000
601763
315901
56786
483192
851143
839298
361544
407861
784537
237883
212334
812891
530658
1008346
743469
832843
779226
155607
951373
725184
956742
853421
147952
700640
1001453
138908
158233
99651
418298
433721
103628
194744
234315
669970
267677
369771
437521
360497
166393
112651
168812
791938
539675
554045
215069
969789
702711
186063
405571
714713
442993
454788
789787
532484
763204
94456
816690
95090
638396
901154
482914
629378
179985
165659
36786
82228
897143
1043618
555306
207459
407985
208987
685400
738994
359480
124331
365744
458420
171968
747798
559810
820562
799744
683592
1018394
930903
127624
172465
980604
249777
76919
946383
293386
664361
503313
964474
452613
773258
36740
648877
663227
801003
632373
755873
174720
983080
110189
754142
489018
625090
400899
428636
111945
256332
531636
717288
38781
188722
981166
190565
843108
586852
416006
33162
371657
665226
816005
874259
239625
94998
76761
997612
142160
845068
106354
201836
891005
477351
351955
556545
251067
839717
87533
696332
705367
904308
36512
743817
74432
1010542
465988
671366
862892
718404
573341
701785
100685
906198
172534
918706
82691
564477
324806
129681
680216
565810
910873
80987
251044
914115
756068
777945
888412
382827
618574
157022
838146
78896
147039
90441
866493
852751
713715
361308
67914
1009113
47226
246556
908767
958631
416482
864634
641822
976552
625130
763634
302764
801212
981741
349558
709943
362530
635842
822089
822727
44298
366837
787980
634797
763217
643237
404862
729733
713582
441302
783207
284404
1040318
89418
248596
109176
355190
279458
209154
335094
343591
935446
899816
592801
648013
637308
859970
700924
610470
255048
1005589
599448
823342
364944
137162
918661
506781
124693
528629
159837
400876
605555
749003
729261
406901
123626
481525
759768
51386
134036
201834
352882
978993
273229
308158
365477
843139
376918
194696
1030524
165431
930569
758247
146511
847814
1022243
159672
488503
183069
80016
699757
628293
127822
321784
634206
1041042
406428
929345
721850
895972
85041
422767
612827
656082
684264
547409
51735
686467
227182
59386
480880
65184
792997
731854
201519
971103
882615
992648
126514
480972
1038843
466223
851056
535925
526188
402923
625081
73960
95211
41534
158568
89400
557547
56052
487002
357239
447580
710694
568600
896749
945483
59807
960161
367332
248128
870438
998337
981706
292254
214855
62144
698317
520038
1027687
747919
410497
1007466
978524
1048361
700697
747813
182672
185883
775760
725465
264816
660119
783153
394413
392441
1032429
301074
992667
129251
701998
629420
741943
159350
999511
771786
481759
415494
215028
665134
486223
804444
459297
707218
289308
50945
815340
972765
816360
302326
896794
116716
256378
898218
869928
112719
236931
623089
345943
584032
611443
366908
672971
684870
1007021
427759
896701
769277
615501
552551
448962
752553
220511
39846
327833
975787
605283
277294
946050
318752
996081
448819
344618
329893
510426
665449
687680
291486
866027
47512
853515
477009
75179
959582
530674
208986
898956
780625
949502
865131
626112
452405
1011685
487072
1021914
981012
388795
53586
239332
192400
458346
337274
568312
902507
883262
57616
646443
724990
40025
658783
790553
567763
505816
310265
366867
573714
461427
409714
966421
784225
140530
832019
344500
599851
214833
923133
838717
280989
907122
308881
999519
71488
83695
144698
537550
766746
247373
388123
879872
977038
549775
864184
902745
65760
1020011
1014417
166357
365018
597763
785673
100466
559566
803857
119232
958186
426302
328216
700677
49933
112955
701782
216382
575707
55981
224365
445675
936409
124574
930077
167221
392364
268734
887017
658226
218150
866539
404280
1035941
890243
528302
265288
398095
834318
960203
80586
821615
713908
850549
991471
701777
532308
35024
126885
981405
1040837
190742
795106
64941
43794
333016
940153
598286
35573
221832
775083
643704
525013
868043
377786
854752
355186
658828
241306
605570
71473
145028
896736
922581
406100
48185
1008244
972795
899386
934722
101035
265268
317399
496047
193528
794333
40266
961939
863217
687998
410244
589635
682407
831105
421187
259221
547684
643340
548937
370026
392428
944683
699624
367839
588774
571550
50387
503585
520541
877850
909729
687951
696247
782014
960088
868033
1028912
828795
34027
645551
459765
618167
316587
906109
170231
127655
575364
91292
452944
754360
564802
102509
508326
376903
561985
331486
996035
212731
1013166
413301
457041
718592
559570
824654
589746
589706
599936
520227
906205
598068
391712
456207
760555
635536
987780
301504
796767
531110
467159
772240
475322
349946
823951
390368
164614
646342
121445
129288
267551
902186
683866
865972
291749
961637
868045
144901
883663
139842
956188
791753
705523
620169
918117
279465
535911
598887
940857
910901
790709
635226
813005
581386
985437
430264
746922
737499
790799
486262
38771
33847
474929
117719
634362
406153
382180
764592
875649
46604
278597
379733
84805
707724
238994
880838
827937
460830
127836
1029755
480000
972997
1048293
359379
148332
212290
210592
768095
979654
633846
401643
539037
685687
305247
267629
981479
781470
615119
840734
1020777
344702
434426
40001
711492
566531
284190
591409
487420
706931
1041979
459381
791500
371149
295383
120759
926261
309224
217811
105864
881582
599822
431994
569989
1021928
407570
727703
260869
452378
997048
73019
414702
370534
857887
872510
489807
327855
684919
451161
668190
464498
70757
559222
756713
298873
588861
1044882
190436
1008195
768558
840744
286255
827927
1044034
531427
835055
137360
905053
438459
372438
599208
933226
917440
90927
802642
794501
86040
688148
371674
531101
868470
539026
580384
795149
289461
845969
857524
661142
782668
658870
723233
658136
436590
914982
241664
279363
983887
950716
883843
376201
761834
309907
241431
51730
167532
850302
404036
889990
374401
313465
430765
717750
927566
239657
716089
154439
57803
202240
770753
147906
173275
927288
318615
812815
570024
236247
447234
290129
369789
166112
329449
383447
538814
689493
491303
933803
859350
640798
748640
557252
687987
481439
46950
135623
872936
75738
744780
349061
36102
815241
694001
914476
599704
159988
646840
956161
356051
287457
189327
643230
852685
80327
311142
858336
771430
1031511
464285
205275
508303
547435
989511
469616
150859
469842
275896
210574
867685
811164
58592
314483
870949
823578
128655
735474
987460
680802
959369
824867
491298
202284
866916
633950
400719
683984
706099
918068
86607
599832
56772
1011384
983785
229906
885160
613637
535273
500515
211048
1021268
865400
773925
811622
203077
543461
296336
35560
64432
680414
62718
873719
790673
885681
1030574
594741
574417
181924
820443
300877
387710
369274
366681
359188
680817
221452
577848
605682
114337
872509
548989
671632
648032
805699
902526
89944
35520
285258
1001781
764706
993102
411989
761708
466767
398953
420699
82876
465459
188317
189781
949379
900822
393984
510426
906105
276505
912166
131405
656755
718430
275558
102916
486306
621692
865386
404250
810684
566444
686862
220015
35517
566350
138932
279094
329974
950277
445708
974013
209467
580399
887884
516242
625720
909700
331458
884556
84663
96227
500150
228692
170347
128391
728287
234344
522814
769666
451295
816466
871313
350494
981701
126801
533059
595882
165261
826211
945495
805232
717932
1038479
252975
851380
458465
655718
767834
1022850
747435
771611
790919
233317
240196
314701
573555
193485
173013
927113
331882
810129
901762
106361
1023865
1015543
780494
706642
942809
942057
70914
361331
403634
708049
439577
431307
780630
512653
754132
649266
224065
646384
505851
820834
135481
1048174
51777
147948
945055
939767
649240
185913
70366
937480
828810
269757
142176
735128
1026222
865967
446533
507104
468285
915125
438859
715478
694510
520209
605588
525564
599632
354536
131110
172364
695097
646971
935448
613507
445418
363698
205154
148888
347094
375006
620033
481353
132885
205310
416625
33997
357191
1017129
256355
377779
806114
921665
417772
888086
672001
258157
665676
386125
960232
708249
219925
901507
151469
1040887
787993
685726
113167
678461
882358
774845
583429
930741
89312
935473
528269
312157
702706
270586
259919
222385
114332
748448
620080
586471
785841
1040862
137166
511306
790934
979123
282438
1019908
892595
323031
849007
335335
776217
80631
722981
636974
567363
573198
914015
888444
213906
569750
1027458
282703
312216
387188
346541
228244
886242
312398
185193
730271
990282
159482
552388
807772
926120
833901
470605
830172
944161
686890
534571
554003
233159
458455
967324
1019930
510306
735244
948620
492347
335325
610461
77283
756044
851209
211409
1020852
936388
344516
460521
741135
561859
164568
626201
501302
153240
131452
896186
759468
442594
692925
415977
419736
209195
222277
87352
335322
514949
458441
234644
108849
134097
599838
395916
127827
57213
68002
522496
274067
937107
345155
301545
964422
187405
735627
847822
925194
949415
159981
384880
116706
320462
364564
573691
516856
383163
658199
941206
523090
634603
717761
122264
940826
113457
741044
873731
973583
640599
407968
996425
816031
202260
492007
1045843
836424
664342
638071
956432
600686
522069
978403
189813
956202
909141
314016
257504
705374
663219
615705
66173
993603
382120
608064
631434
864633
186063
791413
705418
897233
177639
315514
62384
37367
442076
865834
719155
588525
518373
156434
725467
417485
347363
299373
561056
91724
1003119
356558
548125
615684
913366
863763
271577
1024804
1047212
836395
814400
1000558
59641
504786
416025
975519
640484
581992
267632
522106
1035159
683088
42893
206187
770024
660798
690575
889098
462345
686752
492218
182122
135020
205472
906235
262052
756071
636798
456870
749994
40643
583477
65750
227222
469852
872449
900532
302644
790652
1047230
451950
400968
994262
894853
958578
135691
729048
51843
975488
124235
259152
900531
782259
707237
935932
547301
428611
570044
949493
727891
299761
317659
898203
268021
828149
279734
870857
522504
680849
454955
340624
252982
263036
688491
854197
526169
923737
817391
846482
191248
277154
304333
874670
184038
442881
738763
404703
632801
62706
777357
858697
204814
380441
406425
773730
50548
756716
94447
646931
865304
81893
369633
32610
567391
106448
360058
544209
251516
331848
730647
545339
547311
131400
159042
124722
172013
365628
267993
664915
1009198
618979
229883
515315
205853
583690
938851
492284
546731
331503
770014
429001
258167
713562
1024351
178056
707982
789814
355420
884926
440036
723051
459404
521240
173098
643238
113193
415892
681519
717615
521051
1029145
285216
151153
1023224
415091
459126
431715
642182
791288
237443
313848
418825
1000778
558138
891652
732272
253757
975788
136714
581533
316803
429659
133077
347424
734350
458410
817806
884496
90859
426449
187422
446924
328657
155593
869920
913175
87350
1001414
619150
811478
849993
372000
100849
130350
1032952
854987
905345
181743
464720
617771
509469
668946
784561
393246
903548
662490
903218
308890
180646
698368
622408
158004
146080
412377
492252
773729
277252
701579
979654
998259
501402
523718
1016900
874352
128423
535177
376952
460596
979618
469258
559183
1001843
507417
304967
42726
273249
99651
415628
1012742
698991
565738
960410
57845
224955
368219
775826
157870
230715
79812
626664
435129
136871
1020847
484802
728299
1010529
423142
124280
57608
184113
467192
461389
221833
974704
204489
35700
1011551
456064
734347
1029697
771759
855374
79579
791025
483769
227141
423524
193625
1047130
118711
468639
361830
244293
795658
891684
963335
325290
749030
474585
886694
594871
158533
582908
785737
884455
762871
496491
341121
81281
60219
383443
779955
706775
980545
540592
83456
36688
619971
258275
605662
341963
585165
171761
249250
1027033
985621
540386
991783
762977
930598
156620
859768
846442
35685
896519
501398
733466
92616
1017136
928701
211015
776947
669082
701535
834306
253324
870953
669351
388801
410977
402384
271961
726105
699765
978184
530067
144900
758965
726752
365850
765720
129707
166249
1045588
945948
380207
108777
845590
443494
154317
385596
236986
163622
753566
679556
791270
814108
240092
459107
685421
958627
560043
523749
277136
758857
480887
578745
927110
669091
862884
41945
909699
634585
962106
807246
430202
834181
431741
415076
210612
800745
680882
734750
71875
647451
176294
348912
699753
699399
734341
69773
515269
981412
532092
472274
946164
874586
697823
945374
569781
220297
210219
928835
332931
1022839
42781
672389
893780
789989
582768
563582
396912
247564
811343
446897
698403
981024
489844
35296
865132
785404
101018
757161
914666
998844
251460
427005
658770
888390
186868
352867
416626
812834
868198
710620
503516
854745
98585
100963
730575
911326
429721
533897
146531
900170
232965
64939
622000
492505
487695
627688
1012747
387552
887299
298985
581409
277670
81055
1008357
712186
73560
258974
790003
216208
384357
825922
292362
69708
434674
113385
761565
1046367
552519
150127
168257
610715
442410
746073
768518
322730
645127
92983
365881
237174
621647
921415
289836
514287
983842
357853
315339
122360
586221
383441
76153
484830
793446
351567
127830
117002
1038822
565969
46132
436035
256990
416504
363094
222362
227522
365877
457381
675320
902375
268712
1025356
655712
618947
411842
370478
1022221
212387
418353
588213
945083
1016819
368625
512006
540257
832305
290152
860414
1014382
52535
1001464
257715
561903
390923
190544
613292
126839
816574
191288
693077
350705
286051
475461
597410
537059
553890
525694
525214
1029163
186830
711785
1027785
126490
572617
234764
155691
552101
975510
204656
388188
990737
100780
254929
123642
369011
549817
181891
946746
376199
977198
845730
207567
365030
1002160
682908
1007466
135688
658617
668194
394902
69115
480814
530767
41946
759340
287462
671774
534869
678937
820253
979665
627681
269213
466800
1018766
770258
87828
168392
487655
627639
831848
148770
316049
884362
88314
902300
500141
317090
53269
297481
128729
357806
297881
672143
866261
945811
927075
890561
731882
829788
599216
125677
839989
1008999
49442
194733
595144
1027048
410257
478240
184380
738785
605542
272147
197357
780850
372329
728314
282927
617194
1035983
513933
966131
801399
128108
836264
665351
869705
763820
365053
314187
111286
930899
866001
337232
763282
877393
320052
112723
275140
693056
972774
312182
129587
406345
633977
778212
227653
901598
194420
872463
618954
718628
603487
631144
534004
587280
372971
507400
849190
459283
683621
271951
521003
400896
1014170
1033446
545322
716065
192960
735279
495212
376973
889989
838135
203174
423114
555902
166837
936199
257799
802816
285698
845301
108788
93674
410473
456098
678254
64331
920271
639791
1006394
856114
450835
122659
652503
264199
245067
383162
295345
70242
266553
188687
998250
828814
456204
624337
99687
551988
66489
274068
566391
971878
946391
199298
307332
715489
284328
174181
60490
413580
181355
355418
967198
404493
307621
576358
760573
1035999
241068
466651
440390
377899
681196
672833
228673
503564
307624
491966
66485
395486
861101
212534
924112
724604
962101
861545
586196
753768
849380
601847
204854
984785
562600
124324
201884
248821
534662
212528
671361
635599
622023
351022
625167
985178
277504
819930
269715
884050
445433
806935
666103
459866
565176
376978
947449
594858
100824
869720
843119
899804
597124
376673
246942
809297
377897
753578
914420
943069
87505
394020
891149
573323
623591
277518
227989
79809
396251
901996
409175
519502
322341
701985
264380
307397
801067
820824
815284
680861
358405
683887
261267
905070
569682
111079
357142
1032999
222957
166101
600836
845751
685376
653671
406190
77072
392111
108747
687982
791729
756689
1038953
677902
285347
108886
665063
59792
1028041
800364
408132
826225
588174
970130
593762
569999
293376
502571
264647
986484
41463
88290
216164
263869
833217
961562
763780
348569
120554
290215
348650
638495
745430
724303
1011077
327561
753104
116504
1002842
378464
931836
586465
135619
144850
577892
37239
926255
909174
520290
130850
533578
401378
706643
832843
509454
752327
926372
430157
704608
777683
705881
378003
514977
159822
926158
370023
697242
157039
376450
615511
909413
1010523
473988
296751
1016264
976809
610698
511400
100804
264366
811685
888103
946079
1041449
494608
695089
36700
791164
838197
71940
1003433
466587
310247
296863
1039417
427065
369505
688478
410996
601695
84550
274806
357852
565763
342813
504204
124595
972986
664041
458369
730596
960132
734042
889477
578726
688466
361140
791373
232891
692895
62293
865184
766737
41439
164145
672991
234650
464027
806722
886274
683972
520402
612890
318601
863595
388140
632595
906182
835812
149472
670727
55339
618144
790229
853732
671561
507430
665439
832885
71699
486222
421726
942026
772228
347657
415172
545572
941102
460851
36900
680853
73598
296644
909688
789380
781720
52042
351217
917466
887556
819865
311150
573684
533373
851227
455358
871309
400873
394139
503303
958126
1032559
1024405
870413
139091
827726
50967
116261
567767
969715
548101
909795
1026223
922591
181678
734630
555269
659540
659249
680070
94446
541486
128401
889998
865398
44954
701809
211850
236106
885224
653967
887317
159459
847662
763272
54808
55304
745400
69787
105345
1008776
562253
999514
895961
798464
366875
354513
939171
310039
181126
955203
762645
136293
1028067
543444
946127
1031294
191317
866544
806779
77295
496507
939847
566450
522093
328379
685655
138934
113500
528631
949371
33802
889122
642578
886798
962048
472036
484797
141209
371718
821801
275953
670416
224759
102915
390361
943094
113082
986309
1031270
598746
706639
223648
915622
181757
994298
538540
122274
892055
852263
1039048
465687
318628
468885
930780
351034
1014431
627889
141974
53366
153795
528373
807261
583531
69808
283723
430611
1007542
435119
952415
687684
784382
353251
601248
900551
429641
998341
54008
865112
256150
586613
1019203
699394
276032
946754
315388
309814
32230
966249
477009
874076
153273
63641
935875
862357
87863
764600
787091
193008
146408
851376
723894
261982
489854
786082
72438
418024
919135
190689
718382
894906
456067
295391
147050
477414
762945
848311
398589
414804
34140
231561
439668
474179
335343
1023860
878108
327555
100638
400690
427120
749020
920303
117864
840295
744614
191281
1045846
309023
598262
774845
598826
120023
192502
320333
900541
344577
683888
873707
220634
625172
280597
971886
59303
981125
292250
830471
495003
567918
371603
293113
738810
71848
80106
315715
558055
717253
1046745
231079
373825
55902
817391
597150
190723
173340
1014280
434467
257937
339178
924126
406272
1046979
424322
972410
56478
149717
97942
455265
410127
463678
614838
779202
823559
753187
464015
58590
540807
504788
735677
217072
540231
658134
421834
1012493
205848
467138
213904
753317
480855
761671
422666
247667
800964
536472
181713
896155
914572
1011698
899237
391595
297482
278985
151730
318769
377908
457068
779164
188684
1031906
834145
947433
289482
166312
348618
880890
671754
349731
809119
724350
49499
458376
538796
405604
770308
431387
532664
443549
83703
129342
277269
464756
565756
545647
581421
806121
819420
168976
443346
586688
270394
286071
258973
165429
926428
606291
598956
947855
616159
311234
523560
504339
130329
456205
732180
753212
405735
444354
42699
347032
99499
909782
402418
976512
901601
540252
693097
520397
834831
212331
699624
268273
474012
573011
381996
352843
382419
306863
222470
500118
166384
156399
283999
890204
350552
368529
284396
982413
1046135
72618
293000
583929
500695
313183
851161
683140
937122
284577
566641
72301
526658
361286
872001
991858
144690
477656
50578
552406
1039355
707206
766439
305116
435965
149515
96249
800373
801461
461415
791118
363691
724917
540027
681749
846896
965764
643683
160636
280693
996604
591912
201589
191535
104662
197406
277037
92451
638602
960553
860525
805359
462030
864219
75856
520133
1009167
596994
181638
222829
544968
318657
304916
763288
83456
612540
132121
452317
76028
557808
961798
313627
209056
811607
574734
221443
875086
698440
906214
986240
459871
1022864
951526
926302
417058
113521
738437
890298
154471
39243
961811
765064
519760
435073
561005
581527
944698
597765
908243
694468
247220
805209
690493
922845
137890
323029
809779
777940
943659
789431
424212
979878
300213
211438
730000
370745
662501
504828
201061
313795
66241
212474
897205
670453
447074
361079
223100
426501
362759
867000
933795
140761
729671
733480
451821
408179
627844
900832
734397
638615
684227
765846
174250
489967
438922
234310
495194
74678
70899
122510
832649
875085
275185
769669
430721
930893
412454
753281
575224
865152
511831
857840
315365
152979
279363
1037242
39841
427351
55346
813184
474037
111605
417772
896684
1019429
718311
240177
315182
640636
102064
220961
721805
586735
352853
590080
326932
1025760
491280
917504
545006
478119
850338
786285
967279
63375
153258
899400
656753
42715
911255
961818
348557
785395
653636
502165
134038
579722
511827
259270
832864
777184
1002692
1017410
154333
718267
40114
498144
921230
724186
683076
303813
493291
864914
464196
614077
959596
744622
776198
449000
293899
173525
472375
210044
357766
520984
811590
1032102
99494
382764
260432
642508
502986
577839
893226
200559
991864
436081
562553
638070
313155
967690
1039398
365496
435109
1029430
801232
304946
535035
911270
998644
195482
506777
402971
384566
852240
823581
256961
477319
618128
642205
811490
263176
610435
823795
379945
953597
164116
387658
959078
663681
159351
590352
415325
805359
975750
970864
573880
437627
835579
602532
203160
842404
204405
270491
802796
514259
366710
423899
670393
654401
587287
213348
1017449
708041
777678
285511
613453
51344
72407
525658
87493
567655
366862
887567
448269
117763
271938
710321
928199
626639
104230
271990
293054
917617
991342
223515
579768
246574
601667
404683
655820
623538
222132
557880
408863
573325
157662
233012
679497
892338
350323
984107
499533
256175
633749
148190
176328
171052
932276
1026294
1027949
873112
606663
775077
498738
847173
417762
256527
952202
753340
710519
967740
908778
713404
817871
275250
624374
211971
506327
715338
942077
91822
515006
460493
968696
860450
986465
381105
446217
384169
292511
949457
216228
658320
555576
842052
715366
385556
930604
559593
244390
402389
349099
828884
631153
880779
635226
124579
1023850
860025
354505
437527
784557
685394
545545
956924
211784
719480
586391
568422
142155
939159
335882
183970
769387
161878
869081
517856
516247
877917
790382
205136
344298
662504
443987
1027782
75582
597504
882580
220729
838205
416560
695098
245402
790340
891375
757071
1022629
254152
566584
741785
1002358
952410
873949
633946
368621
64353
102700
892911
754669
557820
594724
971996
921989
297684
293115
597181
284994
305128
628295
352562
288920
357650
708337
369482
97331
128120
415631
552540
461043
1043602
377562
54111
713893
590969
108746
1022432
796736
738150
117873
87307
372531
638776
298326
948693
640069
1004918
978995
744250
135647
517381
698976
114377
1010579
37326
639261
219430
353435
272145
1011381
85050
554188
724886
511305
628759
256133
877261
1035198
300738
633157
217813
209063
699439
573018
150131
201060
95047
364958
915118
837037
771404
947870
616148
430000
322605
139170
775318
379387
665675
751876
1018018
777707
940823
969733
419567
111880
384865
896149
431681
245448
565945
710510
98226
352147
204540
522105
598074
201543
631853
664020
727227
763543
980544
805456
298415
121259
348992
567222
445505
402413
1037659
771611
445197
528615
778989
125654
743189
649157
930900
552210
223848
623466
254999
576345
116263
723859
800750
194648
462162
131124
1038523
665253
918898
237153
442620
319690
824624
150220
71958
245468
316780
758972
501087
1035029
887573
415596
106575
613022
155708
819721
56112
868192
641928
420708
137809
554200
718705
220629
1006826
239616
383472
98445
357438
616320
741864
487605
174747
770870
601664
33406
795101
333260
277674
460893
1019913
290577
516103
890294
360710
762690
717886
177734
684235
461435
848282
731545
189709
293892
599619
515273
760698
510787
262068
63687
874220
749800
89793
1001796
674219
564822
355446
930745
280915
643578
312411
691807
1000537
165270
1035160
1008201
246631
675885
220703
814387
550507
118991
342325
747814
70338
850779
887008
290225
557531
406986
749219
972149
406083
124722
462290
724910
365676
987551
362627
635945
208932
642015
346622
551997
949461
357131
871257
605382
405985
793534
467804
992685
870504
535274
458320
158575
404694
626934
974175
201071
942971
648172
438968
612142
53608
102732
412058
32588
535428
279727
993610
990534
100396
395700
856816
656957
354268
816509
129884
275181
171483
847370
842927
601847
548428
795976
903365
300790
701516
176378
48143
757415
598883
725822
369297
56067
200484
60703
711778
869064
312124
177475
625886
59056
727716
641249
802660
506524
920429
553861
721797
747434
442388
157693
658336
426787
382420
834844
331486
253720
60022
653556
824066
884960
851241
969708
900587
924118
138911
598902
563608
1014810
865214
731611
39813
782240
623468
609492
903394
597020
627672
175096
651293
58243
206627
358713
853521
557540
349516
958511
469616
981131
675811
76490
499155
612369
972781
59820
259289
137351
388841
387508
957780
914570
685718
955246
870856
1017442
344600
284016
706641
879443
267085
859719
73583
37214
1026188
118544
858281
905600
50067
51203
983911
814406
211022
579751
773945
645146
92983
132775
583533
244156
851352
597787
159079
142461
706440
744981
558052
236267
168785
412366
193481
212492
99655
287077
1011320
50415
307372
300433
982434
453644
990926
586263
312249
33505
790353
265297
88213
843607
87889
366034
304350
258842
466057
363164
552567
656082
175366
62453
647911
393417
171462
650831
1032310
805237
501602
669903
895752
188678
214991
614838
847177
592268
785837
302607
205271
408074
785712
431860
394492
1008810
342001
253340
70877
131654
882308
372786
145350
955227
951676
947080
389374
546734
95272
137749
182668
815429
159478
752882
458690
205122
253685
576338
798896
974187
522071
341122
266501
940037
780495
596051
171161
225492
642549
403682
51838
479674
111255
597420
774842
1014452
292493
255079
980706
795387
1027204
1010248
815267
1018153
870435
556430
345839
884052
85780
466062
702683
353886
121460
108471
181358
67845
643202
292238
451817
83003
721345
490605
667345
391732
477634
590002
657154
494917
891157
847372
840302
376501
892573
732245
986294
443666
590551
131111
785789
618122
920285
102494
43787
725717
165598
187681
549805
843132
310041
597138
102493
902473
816030
438873
911243
540827
372447
151366
129562
547017
175095
443204
882112
794799
849168
210599
298848
369505
260701
51866
971359
563727
225066
373285
799725
304955
342294
724170
960894
558639
547384
56315
592261
409881
163926
914570
357155
439666
836204
652499
791366
313852
518283
972401
759804
343640
802807
1027920
203117
888095
939927
264954
51776
251656
809027
58564
957606
581537
319620
357434
246769
430069
687395
960419
315625
304981
622441
1029755
173368
71957
342942
216321
560024
174709
442098
878937
625154
39244
633487
874612
945967
929335
964119
697604
258613
424392
430638
130518
507686
365855
976827
331513
100357
798690
468658
944204
259555
986300
388214
777928
790934
338048
812886
111048
978977
869074
42719
94939
618960
331190
693078
276775
952516
398257
396258
940134
312068
941242
613240
791315
736681
315191
386481
164267
426449
779909
317088
415070
1009101
56989
506502
118691
731942
1038499
418013
982521
118555
642060
1031875
288269
427543
785722
920696
811610
999144
111602
1021560
344504
795502
814781
941650
551824
599719
684026
949075
866301
1002836
218590
384337
119889
75182
1029160
765270
621638
702715
190478
119288
685115
749238
707658
62266
750002
93950
737500
430664
87500
296366
843099
805332
1044615
626208
480989
779501
296695
879436
662575
70856
791252
949808
212823
522139
765098
748436
489805
225060
46132
978213
217050
857192
89976
637393
911354
678727
109280
736892
408109
930711
858848
69533
860496
456577
576388
971860
291768
78896
1002737
93078
252952
89400
537940
180012
1028363
498713
137837
541847
301813
406658
887677
642520
75154
314727
530439
642157
487067
970135
46105
1008878
1028359
970126
75900
430257
1003579
151020
359433
89392
599816
588188
425235
463211
993132
241051
141573
59048
886288
1027584
941018
412412
549798
543247
817834
883208
741267
358529
164588
744594
938220
140318
593781
646396
775803
796301
530671
666923
299890
213891
459385
643535
838189
150897
645817
241650
593583
357143
130521
100519
677393
72426
434430
427093
685327
256332
51746
734740
961320
860841
376009
295942
420141
914011
419567
285209
694263
359422
382104
288996
803883
415087
1017740
847834
525511
779158
113502
710727
650871
419214
323108
331046
586855
905103
812216
382820
98212
755884
341140
981733
455240
228905
166550
1009328
706897
345843
980581
391565
68608
639242
599950
464732
930753
873955
208655
570349
485376
693117
927238
69985
447595
353865
633518
823323
1023281
797158
372948
65458
691080
412454
920986
119020
428652
1040366
483093
36102
199332
599951
477411
534659
846480
157588
377896
430709
1017754
1016263
371889
752333
701340
723533
249227
80049
678432
516738
956459
728282
854762
430686
707253
547268
449006
253504
1011773
132030
1011846
567885
372957
651453
406656
494912
413443
275555
788361
868670
212052
356553
879694
503779
1031765
300903
914604
478315
734192
38788
256360
42905
551709
736664
130365
1029665
861592
422931
507700
927280
762967
1001764
610827
47690
664120
725225
583184
743821
388221
518355
978617
44491
596383
1000886
93909
1030557
267584
606316
418256
510785
820547
867692
324331
321987
638045
371681
909386
635880
655944
735292
553351
289287
707736
550412
594857
368432
980790
312130
939733
223814
720985
984774
822290
438924
94029
738804
124705
441047
589551
427041
1044081
89415
122542
309000
134090
956785
282738
1002309
921253
204766
669017
212804
856334
674353
798525
159830
917539
586260
582757
954067
951399
981136
702011
547742
210403
126352
782602
367155
949294
382163
112758
128410
369736
155499
226248
899479
878403
297480
541753
75548
139613
855318
779136
767232
785772
361943
840765
282621
686044
358253
600679
405970
594793
120165
795131
220669
904362
875649
111964
702805
439572
159337
70364
701650
643278
775838
347268
427100
603847
1007440
595968
926425
752544
602900
950619
459266
804567
153916
977680
562285
133006
474898
1048376
150910
860526
366846
1002714
977754
848689
722419
87830
1004920
467167
992736
959556
373261
472279
350625
761997
223500
627692
617641
384863
510398
885230
875099
762983
745009
306825
246645
70750
400414
737502
814083
809055
1024034
940694
823314
602186
958533
983042
90875
730677
105903
611901
776907
265316
461902
384554
700905
622365
608405
386452
602213
763958
942613
842891
756066
690173
102782
383030
947412
937651
427097
267633
295398
366798
413568
585376
511298
163598
136271
496040
430938
1013379
227997
933409
620049
51346
79857
899693
324819
493586
131421
192499
377033
921716
793499
275143
885245
830220
705856
668940
328451
40824
419042
975499
364961
933315
872911
499675
268025
494636
759337
849993
445239
445699
327172
586246
800364
1037177
494946
744259
304799
915329
626236
510659
405801
795145
769696
223928
47720
182671
204617
68016
596688
354246
514350
344948
807247
596026
223696
956606
747817
638472
474459
288737
828860
519725
627648
300795
901575
964098
575944
476224
692905
148191
698358
553070
330792
423913
238582
868677
96309
369912
238543
106437
219507
895369
1001849
431378
289411
1032538
552783
409303
75900
488376
212553
742247
1003436
793973
762706
271950
593277
543233
662495
669979
918078
117848
102969
762693
713712
301674
828919
256121
772269
306334
904295
134083
129283
470621
620243
42689
153578
995744
534281
138905
874590
240497
112659
365819
582615
868608
528324
316579
944006
445412
150901
177321
237628
190658
593643
410299
950494
622367
517592
165427
489393
455021
232885
487548
196237
571665
65350
655776
389315
978373
662333
337399
721389
452491
105776
301682
218158
1017431
379373
314204
347698
568764
845414
419384
199550
541780
293117
57556
521055
723053
332954
404719
369726
117034
530070
594148
691122
270397
383677
1015105
509105
786934
758046
297367
809320
960843
98980
84618
455358
813197
1032952
565404
468882
81732
277070
584716
176474
372457
1001228
991859
423362
96309
717754
1031239
881841
59469
805187
277014
55105
998820
840286
480075
792113
641262
707251
290352
72416
259291
77091
288658
566000
115966
880838
1012745
768302
891924
431773
557251
377042
854156
804368
503356
865184
835084
407220
248791
359482
494936
853224
890629
243662
172513
446583
751930
370002
756559
362627
340626
301278
291749
586745
685815
658320
764530
323054
372301
888913
258598
717713
567378
797029
490567
927596
379914
717878
548957
740392
65443
53986
537327
551182
653450
716074
459110
987792
86176
728280
318748
974718
159055
822738
90020
73022
755059
63324
571694
164572
181320
935591
278596
762658
612394
207562
777406
882604
598208
958199
498425
316457
515091
768077
456110
502071
947439
862432
630165
650776
393084
245382
630187
1020358
196273
404941
901938
1032981
93949
883717
1027784
733472
324252
701801
614018
254319
359330
899256
379752
302644
136892
97922
295417
244977
487541
226272
351731
553076
193021
551741
835039
899517
697826
38667
474933
284385
176259
693856
733944
442608
344648
548457
948685
40776
868088
561867
556466
552791
760126
65373
975139
530469
623073
734046
578581
900550
811166
776406
574090
269237
381027
73944
677833
520551
563536
328697
337219
633174
666978
943100
902403
117713
276462
1018378
613635
332984
859328
829176
359868
64719
60196
1018813
177383
683980
238536
887677
100489
53739
717171
847405
680115
905113
607219
933882
965488
1031035
133072
133050
612683
372288
1021901
441055
443340
727688
122300
680818
356376
192867
141784
743928
427367
65181
360172
955566
165276
791690
711211
458489
873968
701553
918902
1007516
636460
620184
487261
923597
384771
223865
1046782
309796
591063
506366
1005204
1018165
566585
933424
221707
639867
400650
179515
481506
664104
56047
950672
202251
743173
632479
711777
290235
782902
367165
359330
840878
357436
113393
482204
580480
144309
170151
646427
448184
297745
377888
681482
387463
463056
1029414
365578
533328
820557
908094
148178
359276
113963
38415
298309
385315
186845
233159
800991
726569
147535
406303
937378
718175
135469
512983
336665
380998
242838
272902
201050
1011695
123500
842909
208004
734197
104914
433001
216193
455265
873699
736876
783930
411902
535237
690472
359405
665237
480078
93664
885238
734881
1018410
837052
211410
593881
644820
564783
590005
129693
550959
636761
311261
743473
595551
340857
745449
530462
246949
658173
620213
481384
176664
755478
210371
858822
744823
610703
307978
605308
404050
863099
1000849
723852
327217
843114
676126
119214
240491
573313
152694
758880
523750
263038
889900
601752
1010611
259574
965867
668729
484812
474114
197368
327837
171508
349520
969700
423510
61914
222841
350288
670339
634787
289288
901627
770860
954534
98284
379423
98177
208039
82234
291772
1029398
663909
195742
1008993
847672
265304
80340
60675
849177
873324
626887
314191
576349
352151
51778
994408
335338
978984
381954
212455
304843
423163
943059
306331
599654
564210
123601
375412
50229
865155
192413
50064
720373
310032
202237
357746
493621
891365
642537
569781
547591
1048189
59814
176067
164475
761810
461038
444384
672278
270364
294692
667161
368441
635236
702525
949107
562622
762266
591521
203774
909727
697011
346862
657393
363841
832981
784539
394942
443244
743928
238074
926381
847195
200540
357408
783895
890666
379917
806110
284701
628750
344644
326944
314045
95075
701431
586208
447828
258153
747254
354508
674121
504217
308112
513494
341652
686813
404044
627864
918284
1002688
576728
60197
168282
37663
902425
431772
381024
503543
263850
970651
683056
343892
70390
240518
665449
985604
617634
1013422
274808
874634
337525
508850
698201
819845
633844
229824
254359
593247
913154
53711
980583
564843
1019451
279877
273250
216135
785842
111082
1014369
365197
1029709
87930
315744
946353
699005
734731
903185
277101
287819
346563
890046
685698
572222
546172
360475
174774
89366
454285
39243
102616
582780
212333
739223
992282
277259
456847
1041059
289847
315774
618563
1021502
391683
809065
657357
313612
998652
533895
687828
421698
699584
791752
977617
946334
901260
177149
758965
155589
212688
410376
388130
472318
291672
123590
697249
487254
880850
828910
189318
172525
677801
801245
921892
1012247
47567
960079
773742
358029
797010
444080
724892
490578
289571
982672
867211
51387
151142
569748
430201
924994
115912
240503
745436
770043
555929
279007
84595
586848
917998
685377
190573
69804
979664
777951
702826
662927
244334
165415
143757
44984
813136
494232
32198
858841
212391
571694
980177
782441
745754
222827
530792
259124
690433
611295
193662
210224
638061
386835
503744
531626
515075
1021307
755056
234357
113194
200460
301529
223909
71962
67686
892062
966633
254558
182656
836456
464004
694272
727486
152736
80631
837395
217051
282690
1037125
201863
432051
871422
261422
832089
586233
326613
651433
767866
409986
741914
1036132
1019452
108440
530048
601559
1005571
704614
609193
426269
394113
934721
1047951
959082
405522
83683
357223
98264
382406
832863
209224
126795
617089
474893
813959
242793
983547
681501
362515
173268
159670
902734
854976
781952
971347
347275
954515
643300
206598
547772
578008
633681
580111
63774
337400
207813
616107
601802
291510
395694
273256
654626
913998
609166
582647
88351
967725
960931
546718
428123
807796
849989
868720
423239
1021528
741167
440236
945528
891352
40079
930894
831774
196956
962100
514948
487057
105901
314710
212836
42884
584976
338232
967171
376504
662327
478379
137201
253694
863819
555399
126338
458952
179245
794317
495222
520906
218562
855298
279926
422753
582013
934705
743445
502075
487716
227694
373848
882324
360848
351892
372335
518538
516707
987893
834566
287811
854176
822321
858083
348628
847402
263210
960564
768519
183325
868424
755959
612412
738079
299057
957768
645797
1001894
415516
636033
1000782
780848
147565
509110
500519
838093
1039327
897091
638750
546828
617220
94402
603898
925564
1025391
946053
653990
547573
296728
577989
844990
832049
98454
710516
234004
658240
1038932
110593
826983
858851
234936
402833
415133
691057
301105
416630
390342
220429
293850
760717
507779
755845
886862
587233
764481
702217
993198
858071
263456
1011329
167545
57412
1038941
468890
872016
625570
666612
738471
680744
70006
966413
964065
396249
478087
1010939
1026188
327806
194100
753502
650832
37238
395710
746712
178221
75883
828904
921699
202292
414140
344884
744195
912173
243664
223642
903538
845916
32219
509458
611325
285553
367138
922593
382817
1017090
545553
358998
950262
189650
222310
550964
676693
168768
216360
150114
80591
933327
537325
783414
176134
878697
723885
970407
776898
65771
837794
705534
371694
360806
955534
327226
369564
595854
289334
97941
652537
754322
582781
1020361
937647
158181
373266
157640
1006240
992210
200692
525191
320979
105367
768086
458950
1013351
52533
278225
276322
940146
331280
571691
396866
798660
196407
317406
1003078
668946
466685
1011716
727862
672411
205392
420267
427753
682619
478944
953297
487792
355187
731595
524964
357124
926251
141596
980420
919131
74944
546888
785309
1007624
548203
555324
50440
977040
94868
967309
358057
918062
446929
177285
480670
179504
283978
836936
490602
450750
793523
437520
576871
875509
384568
530482
59281
755062
248170
331189
780826
950181
642655
274061
699447
682398
450822
323047
688524
361639
414428
139620
286202
562575
718420
790892
367657
177426
239099
518417
234665
605598
877274
859737
621023
1006376
749783
90921
853734
881526
448188
959464
633972
274416
1006807
577890
835117
524970
404932
425260
1007425
274079
1016736
576872
760768
463166
340610
392612
98911
270691
882323
203316
911171
207431
167840
193001
390346
592566
452368
912174
595901
429579
670354
48053
401347
562983
546589
858709
239799
1028519
55632
753206
972377
65410
489356
810679
295259
607752
142194
563678
734356
204490
621022
76112
100729
991339
960071
409503
141583
902409
636750
232993
935426
376215
439524
981928
102970
989354
451660
478510
559536
64332
430907
53399
258121
584036
454303
1013121
516718
963348
131980
227147
1028075
57823
802668
57211
536229
216982
465776
980267
806093
837392
945811
64332
347429
836370
364827
478263
891344
159482
277026
915547
348603
559336
665243
174244
934690
888596
1017093
777396
123517
361502
235682
790365
811626
310704
834314
487059
1009209
213360
1045006
266556
426250
293668
137773
231994
264732
540356
617772
899632
753143
930784
906857
874311
745132
272245
53386
59625
979710
1038948
809828
197337
571381
94912
100669
782643
656847
393464
503302
278935
904371
177258
722107
655827
766366
602534
155476
992641
49114
345062
348590
726989
691822
967346
99138
65380
1011735
458996
258593
1035150
198972
153217
1000819
540821
194690
964132
201686
423918
863219
218614
343594
269546
889895
586261
82980
760649
57428
982509
44748
573204
642176
134336
114407
992280
854157
523984
360167
538809
165335
492057
244332
405592
743209
638024
573323
340805
122322
933854
1011693
263189
203075
1041074
300893
481018
329973
991916
72370
267169
110093
376979
1000067
975071
262679
121102
791730
878912
651016
256991
765529
941078
775082
754925
1020679
263480
644855
433704
901985
904718
946754
935485
796798
901160
859690
822760
685406
290127
438787
60005
216200
1041435
903209
55542
729993
220674
318305
805435
260919
832998
599977
481764
918863
295312
827692
939928
75731
471283
785718
950469
775086
702216
821573
974001
298855
242589
246949
757015
258289
451651
575386
832082
304654
996582
708332
747268
656883
137388
625996
865332
273716
926147
427923
911118
498173
59360
263852
528128
445428
345982
949330
344766
240075
239677
191241
753546
970373
683989
902369
197402
780786
108852
654954
973016
201371
166209
972952
886705
1031399
925239
905120
518315
595852
157881
1048351
212108
611853
588845
324853
933846
186908
680828
998227
837395
566621
877354
685068
664543
577298
978948
1007467
187393
84817
322220
1031411
489812
458519
59459
109248
350693
117024
115290
369569
612677
167827
387683
395736
768115
124564
930604
886304
378327
456210
65380
561901
32623
61910
289530
255299
64809
357381
498639
322544
616902
909792
356554
811188
763961
791350
1033433
371684
867696
102671
470067
242791
821603
128746
956555
314228
835291
375364
487511
823553
835774
220332
902426
493405
884363
1022644
784572
893210
669962
854996
944604
415331
327773
640409
928865
357377
102993
282613
32252
157237
819900
130821
1026248
569689
307618
669348
148339
783923
899182
326273
1036324
887660
526703
298847
974708
844594
701374
978538
757397
208022
856111
599476
446850
638514
587250
1027070
960694
448972
564429
57102
111936
905775
307446
135429
1022812
660612
467349
939629
930782
895750
130002
218599
541869
225514
255004
988984
921016
880537
451712
605818
708919
839975
255026
837027
288753
857763
461035
593544
658299
436368
775080
815026
204651
216141
899813
321353
1020674
973865
36675
269255
817074
62387
447856
623475
451181
708867
392391
262069
820286
450719
802762
275262
910806
763584
139121
774154
531500
586176
1034297
176331
517236
167932
143361
551279
731188
943393
413300
791944
279687
931744
169868
79579
454246
118677
878094
979846
758124
924284
611954
80620
552441
580131
754156
133112
154416
948716
330627
418354
59490
854152
492325
902193
614798
211902
555416
307687
1031607
964096
788017
282966
466002
680220
857161
299453
479956
525018
525460
298315
744247
148898
223537
590559
871313
683532
983828
240933
642403
981048
792976
297559
755196
864604
384380
827697
713901
272190
322396
547143
62457
928690
196273
181683
568984
410945
538786
873099
679560
675886
442638
932277
722677
480664
293392
155648
569775
642133
699399
147253
267700
141959
364813
655795
289846
369625
456578
283454
327744
811656
448181
548121
139640
69509
699702
651037
352880
771776
891377
262418
790932
112876
599094
769230
479620
683591
98524
601244
241679
752339
344603
403694
964048
859144
498654
752554
591876
548744
946754
689519
363816
194428
832852
447832
170233
674406
615127
880797
840832
116903
498170
930063
369256
772149
309226
784367
39259
152661
658821
1011794
1010582
67918
156618
351699
256333
507816
985612
482886
664076
1021150
210082
442632
843193
702250
434376
908281
795697
736971
518449
276486
82006
875081
557538
530774
84810
214819
419202
1004903
131975
231609
564813
95213
766458
809786
127826
263019
1033003
876490
829762
997052
203156
54008
260424
961169
269235
122717
53372
295294
856574
753571
49975
334904
902274
150894
747426
1017424
1035656
502154
63143
853726
608099
130137
944004
270357
943374
884946
617095
688166
601742
313996
433664
532642
386851
188697
35460
921699
92465
314437
854291
796020
82514
617124
685074
184032
311519
917581
745094
639973
1020698
102770
353908
151428
742418
337049
887904
136836
360021
540682
304816
728386
612372
563757
782461
883842
196367
946739
332809
113064
383355
350397
796751
58253
51879
870918
767165
563687
687510
931754
760550
599208
442975
218614
59983
732222
98526
86631
275900
728399
260682
962622
400412
653978
346552
531077
324527
607762
229831
516209
92453
698274
888427
210607
407869
718287
767891
184336
731952
754336
51883
331206
230801
82982
166110
854318
74440
943622
189656
616923
854771
288668
62260
222452
108433
664335
1036344
595990
253802
934685
758225
229963
593562
324298
271495
387460
193487
615680
453641
896296
562500
288213
426248
463044
288674
76921
212396
623562
847828
576757
580854
910483
378457
204164
429635
996089
190689
513923
206581
432026
421094
244684
661207
131414
310053
540804
362502
65372
706536
682558
966860
893873
53830
56724
866553
550931
400386
555952
579124
832002
899792
537330
109273
451314
493615
57834
415909
537063
224913
563748
62249
784234
488470
196355
668062
748449
368070
540098
912801
643296
262051
198922
746086
62449
370540
901890
427726
230718
404036
737005
795332
569873
949473
988965
147527
541843
180687
267697
540366
341036
655993
384335
366680
617835
628047
298686
364325
891161
53731
851657
186883
1047955
850038
429254
412069
1021949
533983
379749
756442
340817
157031
922487
89950
859988
164238
293095
815288
960675
487549
548786
981019
1039296
501625
500527
458101
246969
49934
513511
265154
128681
1003542
407583
862092
409914
745131
826219
338074
385662
422416
1029733
354027
730656
646162
1044901
191358
179363
553055
671584
632005
466099
531079
650801
764683
275251
170331
934752
242807
707712
608067
824667
525489
357847
396864
683579
830225
923759
913550
535221
423121
528309
893633
576369
619091
1021184
1045140
655703
683864
1014485
376035
114392
613888
489804
613866
969704
398952
790692
862384
244321
560262
230678
1020026
698908
794267
927209
514880
601779
106313
468879
873726
638314
189010
963664
177443
807363
269713
648833
71112
973597
986255
375650
773894
970830
447571
504641
499985
239671
