14
13
VPN      PFN
6307      4174
2237      6431
6977      7723
3325      5083
5128      2974
15166      5301
12703      2812
8070      877
12667      3320
15637      2874
4415      7928
13951      8002
8719      959
2800      732
1665      4034
7633      2715
5899      615
2335      1648
2735      1675
7459      648
11291      7751
6516      3506
16000      2800
10932      2787
14290      6761
6054      3819
11010      6463
3447      3467
5928      4401
8173      7559
13816      7459
15221      7010
3749      5059
11424      4000
7888      4415
6080      924
5759      4526
9070      6361
5685      2184
15330      811
8592      2148
6739      1363
2266      7384
12371      5366
9639      4533
3205      4115
3776      6250
13084      5053
648      2922
8633      3417
3511      7377
12847      8019
2400      5935
5712      6879
4448      3891
7375      3253
8654      4167
7167      5433
4440      4825
2740      1073
7598      4820
10680      5573
9542      3792
13481      813
2786      6795
9902      4243
14985      7614
9687      719
14851      4497
8127      2059
1749      2343
2260      2175
13090      7990
7261      5406
573      5782
10438      8025
7854      2098
13482      3591
10422      4996
4180      2818
4454      5607
8943      905
7847      5290
16341      7104
9544      6868
11098      307
890      6638
1426      7665
12568      638
1292      3220
11961      6281
7575      6153
8840      7768
12771      6372
2578      205
16027      6315
8961      7368
16184      1269
1171      2264
10730      4749
14639      4743
2386      2198
8494      4309
8293      4599
2497      2055
8938      6887
3702      950
3775      908
11674      1930
9441      5875
5746      922
6170      6911
6482      794
6879      3490
4368      5474
8411      1839
14648      993
4977      1869
15068      2864
6988      6811
13324      4926
3281      4112
13044      5353
16205      4248
4299      8131
5994      414
15373      6206
8686      2725
4008      2940
9334      7568
15742      5981
5640      4677
12010      4978
12330      4028
13157      4779
7379      6456
12560      5767
12479      7187
9328      5990
12656      1731
15974      8157
6978      3878
12269      5889
10933      2453
12885      7511
2427      2727
11640      3177
1628      455
13279      1024
9080      2771
11502      1333
14803      1446
9605      2248
3037      8130
13854      3431
4033      5888
11871      6380
6798      7309
10719      5202
16084      7581
6481      1211
2520      4719
1578      8152
11564      6462
7733      3426
736      1697
1552      7621
979      2346
10928      3577
13600      8052
8265      466
1452      6511
7474      1643
12495      5155
6308      1210
12218      8173
6965      1802
2567      1544
8292      292
12092      3325
6776      6323
8920      6544
1259      7103
16105      7504
5645      4201
4522      1486
13226      4791
3643      6045
6118      2602
11678      5066
10080      1650
9898      4246
2632      7564
9220      5067
11568      4911
5981      3733
8065      3967
8812      5618
3356      7980
12021      2848
9258      4567
15097      7474
4713      5100
3006      6114
12701      647
1574      5609
14543      4669
7286      6732
3475      5130
6680      6362
10283      5400
15972      6254
3754      3493
11334      5938
12494      3247
6444      6113
6863      3999
5673      4351
7702      2160
10293      6877
5169      8026
2466      7684
9005      6889
5235      2951
16061      4909
9006      2661
6956      4296
10513      2003
5260      8057
6052      8159
1763      5579
11652      4748
14375      1767
8866      1502
12106      7949
4421      5936
975      652
11105      5673
15605      1880
1748      4299
903      6138
10591      2149
14344      3436
11331      2722
12390      3182
5747      3457
9683      5691
5776      7206
7691      1309
10269      6327
5877      633
1852      6063
14086      3750
8720      1784
3487      6093
2006      7202
3448      6008
773      4298
11991      7932
1099      6379
4709      6760
4503      4717
6263      3802
9116      1059
15006      3292
12629      3410
15072      838
5769      4047
4878      293
15100      471
10731      2227
13369      390
5940      5268
2044      6920
7914      2577
15516      606
1546      3218
1485      1467
15151      6702
8716      6240
2628      5102
8203      5434
8807      4024
15846      2004
13359      752
9221      1565
4877      1681
12376      7733
6932      6059
13506      7431
8450      3674
8366      2390
10351      6763
14707      4606
1869      3595
6672      2456
2261      1429
13615      5816
2287      7400
11703      2002
3494      3583
12972      2364
2365      2583
4360      2953
12957      6057
9293      4792
6277      4452
10767      6061
4320      6999
14869      7804
7974      6531
4682      6832
9201      7829
13286      4200
2802      5650
10389      8174
15477      1903
9277      5058
15113      2604
2218      983
3160      5113
2336      3939
14928      1408
12248      1538
7871      2218
15807      7947
10797      2979
8466      4675
1859      1741
12424      7170
7613      7730
9560      4623
5850      8088
9429      2460
1941      6715
11300      6179
4973      2870
3146      4191
6147      6470
15354      3465
3862      2914
5625      6590
13880      4104
5904      5619
8109      2652
1093      2256
5604      4610
5015      2217
8378      8031
626      4529
5383      5634
3523      3697
11097      7934
11325      7134
4802      3087
11217      6009
8352      238
15315      5834
915      3496
11146      5145
13982      1481
13518      3785
2060      4222
8117      3829
3464      840
8995      2153
3364      6903
3299      1105
6552      3278
2049      7903
7868      2673
10533      301
6131      5614
3853      7235
16337      6454
12071      5222
15424      644
6394      7397
7201      4336
7108      5952
7534      1475
5454      3107
10086      7380
3312      6239
6765      4225
3744      3065
3961      4308
6837      8178
5553      6611
12449      202
14071      5012
15430      7454
10490      3856
5535      4061
8337      7029
6498      7756
7618      6777
8872      7349
8424      3084
6487      4935
4528      7019
6930      2307
7332      5613
10740      284
11718      5927
1027      2737
7245      1015
1140      8011
6376      4998
3807      3706
10592      1006
8694      853
10423      617
14090      7598
720      7282
6388      5331
2057      560
11840      5069
13260      5958
14096      4969
10209      1924
2116      3924
14458      7609
9487      4563
10958      5837
16123      2165
8399      3291
7209      2608
2357      594
2958      7794
16377      6799
9798      3250
3549      1357
4439      1076
897      7414
6489      2060
15199      5032
7253      5295
4150      7830
7071      5371
1307      7555
14838      3009
695      5926
12718      5715
2033      5479
14540      6537
13666      5095
11067      3038
6163      7953
7530      4182
1163      6120
9951      6614
15744      4511
535      5721
4660      8112
10860      5728
13202      7329
15014      3724
1742      5549
2773      1014
15289      1100
3377      2033
8354      2321
1130      4579
613      2616
6858      2960
12657      6347
11441      3277
11715      4202
11101      6394
9580      5035
10954      8056
10670      7219
879      4175
11321      739
3342      2143
12835      1440
1873      2873
8733      3021
13531      5072
7183      3870
13271      800
10900      7647
13419      1316
11022      3613
15057      379
4161      478
5613      1062
581      225
8348      4995
7716      2212
13543      4601
13963      6975
8329      1749
7582      5687
10440      7616
4135      4597
3888      5998
1707      1168
6470      3826
5817      7494
5081      7783
10218      7122
15032      4025
13938      2663
16233      8142
1910      6027
6256      2415
10847      1757
9562      4253
14012      2679
3292      509
9884      4802
11797      2749
14538      5909
8676      495
3666      1482
3040      1318
11249      654
10028      2630
7814      2190
4030      3120
9369      3839
6436      7640
2617      5925
7805      5071
6337      3135
9167      2375
6362      7870
13058      463
4137      4937
13048      1821
7630      5404
12757      1438
5315      4329
742      1936
7832      3864
7834      1315
1344      7797
8983      6464
9931      7643
15435      4196
12913      3795
16012      5902
4287      2483
5232      3649
8141      1723
8629      4982
5185      4596
15018      5856
12035      4845
1406      3331
8970      7481
8322      1576
8551      2419
16174      5915
4524      6522
8842      4344
11188      6654
15785      722
12082      262
5803      3156
14749      2599
10647      7299
10931      5818
4935      6670
8789      1574
13685      7092
11748      5101
13594      2720
13403      3240
16342      470
15496      3321
7134      6980
1732      5594
5951      1846
9064      2495
15223      5716
3854      1805
10407      4323
4045      5659
5729      605
4187      2498
1232      7556
10896      7130
10504      235
7728      7487
6633      6143
3442      1035
1678      3242
7267      7510
15109      6213
11835      5149
9768      399
14053      6508
14020      1871
6589      7695
11352      1028
5527      997
7274      7025
14239      4580
3025      2230
15770      6311
5560      7649
13068      6566
11821      2627
10959      7352
10261      2531
13519      1081
4001      6650
5580      3960
2631      5766
7224      3703
6296      3865
4978      7006
653      7256
14978      4485
7684      933
6065      999
15975      3075
11694      671
15231      1676
13535      6403
2693      288
10370      656
1661      686
6485      6827
1322      7722
13281      2830
1608      1842
7413      4244
551      7671
7070      787
14188      3536
4511      4465
5756      5665
7420      7133
14107      7176
4804      5878
12595      4453
4353      3805
8149      6303
13790      541
6952      848
8940      3254
13462      2831
15069      8075
6182      3458
6068      4477
11887      2777
8405      7008
6340      596
11399      3700
13909      4509
4906      561
1619      1390
11679      6297
10563      2997
5108      5550
12752      6203
10708      3192
15013      2571
2864      4654
5207      5891
1353      1987
6921      4053
3793      4503
15212      4830
7885      1237
6857      1404
9665      4470
4662      3779
7268      6015
5590      1896
9279      6542
1045      6378
2465      920
9348      217
2640      6996
15810      740
13620      7341
3210      8104
8869      3927
5508      5600
900      1610
14631      6036
10968      3264
11170      6937
10106      1049
7934      6062
1201      3972
6457      7186
14820      7351
10052      6208
12681      5070
1721      5309
14429      1642
10709      1097
14865      6647
6600      4520
5856      3367
12730      4702
1883      3682
15287      5720
9936      1816
15712      1612
13509      927
7688      685
3390      4350
13487      5081
5607      1369
2917      6257
10454      5627
11467      4803
4591      4933
3141      6662
1768      7731
3710      1343
13209      5617
5883      6950
10674      6941
10790      1545
1801      360
11899      2557
7626      6930
1569      6480
7122      2243
16121      701
8304      1578
5330      4824
14098      1397
5174      1788
3199      7417
8830      6481
12317      6468
7513      437
8966      1624
6703      5621
7600      4568
9646      5334
10050      6976
13821      3269
11784      2371
4554      5667
7330      1226
10673      8190
13589      5411
12358      2097
15950      7613
882      4958
15943      4228
3148      7357
9582      1797
7734      3388
11634      1554
15537      784
2695      7637
8600      4307
6915      3282
9577      793
12840      6758
12282      2053
4806      828
4938      5559
15270      1925
7205      5151
16126      4895
1530      3296
15892      3670
7851      1433
15090      8027
13950      1551
15218      7424
7309      1155
14971      363
3473      6568
3048      1007
11112      6307
14689      4760
11370      7915
13011      5803
1033      5465
931      537
4912      2552
6357      3209
8544      3032
7742      7328
10981      2763
8737      3233
11287      6922
10032      1831
4962      4550
6745      4121
11834      5574
12482      7748
9969      6244
6912      797
15152      4409
3408      3804
11720      3915
12505      2113
5368      986
13196      2815
528      5572
4715      4689
5716      3922
743      4429
1570      6607
3287      3928
1913      2440
15722      1176
15275      5701
1254      5765
9643      7148
8804      7677
4954      5153
13336      533
7523      2622
6963      6065
15169      2474
12645      8183
1848      1038
7223      3421
12889      2795
1057      1034
1195      6528
10144      4278
13289      3751
9507      2911
11828      687
670      4479
10012      5712
4055      2539
14214      6483
15603      5132
13642      2791
11896      7732
3183      592
7015      5897
2173      7332
3498      2494
7804      2276
13207      5308
3750      3232
16193      434
3624      7721
13376      7189
12855      2699
11482      7725
14881      5548
2607      6706
4854      5930
4182      7973
14564      3386
5043      2333
3318      1600
521      863
11957      8028
12939      1298
6775      5963
3811      1312
5075      6502
12466      7204
8687      7703
9673      4947
7380      4389
6531      5369
11657      4237
8549      8003
1247      2089
4570      2534
4704      1420
1174      5483
5467      4924
15706      7955
4249      3572
10401      402
2755      2120
11266      1422
6287      1231
14262      1171
3592      1985
7429      2386
3083      8132
13051      2981
14345      5528
15431      6033
2031      4421
1373      1468
7402      1636
1535      6843
12411      1852
11255      6271
9597      995
15277      4901
1170      2159
8918      1886
8035      4282
2564      4456
9143      1898
9523      3797
15350      7772
2185      5430
15324      2261
1183      5568
4046      3585
8099      4039
994      6268
869      6790
604      7312
2274      7807
14628      5641
9218      3846
4442      6871
3154      1207
10515      4138
12434      7144
15957      1801
13695      3204
8102      2152
14376      1699
4347      574
4229      5892
11930      6803
13247      7780
12385      3866
2394      1995
790      3399
3989      1979
12334      891
5358      5822
15203      5800
3340      2993
10903      5223
15681      4076
10290      2502
667      6557
1123      5932
6842      5073
6816      6274
11773      389
13214      6099
7953      4782
11919      342
1968      5332
12543      2400
11988      2690
6406      5910
14548      3161
1379      5119
4723      624
13655      4565
4282      4629
9388      2544
13659      7248
10448      2406
3861      5329
13302      5860
14914      5148
1948      3686
4579      285
6732      4856
8180      6105
4504      5439
16056      1254
3241      7960
9538      938
15851      1673
9195      1235
14390      1102
7640      4666
5986      4089
12851      2900
11337      6066
15653      1185
15397      1941
11025      5354
6386      1350
8779      2416
14453      3786
8820      649
9111      5867
10749      318
7244      400
2138      4939
6202      4093
13173      2570
14584      6304
14618      3470
14237      6048
6123      5590
15173      5626
7063      4810
9135      7918
9409      2574
8535      3889
2338      1472
7458      3286
1281      2607
2599      3659
9581      7720
6179      8153
6503      5731
11103      8084
9269      6856
14296      3511
8313      2687
5664      7805
8133      6025
9413      6341
4305      6962
5338      2709
15489      7402
12059      880
8256      4085
14623      7876
2613      6969
5376      3521
1701      6092
14973      7003
2708      3463
4181      5733
3756      6885
504      6226
12298      1996
13831      6535
10284      7492
7722      314
3176      5788
13763      7362
9243      2213
9360      1942
8129      6894
2979      3317
10590      6401
5781      7906
5649      3907
4461      6101
12263      2920
10210      4358
4250      7124
10506      4411
7729      4247
4214      3450
5487      1564
12189      4906
1016      6016
3501      5281
11151      3274
9578      3258
11076      3935
5714      3003
11770      2761
6581      7485
15045      5262
3041      2639
9176      6698
8711      5000
15573      2311
11278      7440
4690      4203
10294      2205
2119      7168
13346      5664
15040      1526
13925      3816
13724      824
5402      3929
1932      6012
15299      697
4238      5582
3336      5934
1231      6817
1158      7099
3265      2388
15908      1629
12044      6898
10707      6095
3428      6584
7336      5724
4533      2957
12011      5970
11043      5346
11519      2851
3393      302
10982      3306
11836      2973
13566      1428
8317      7004
13992      3551
2370      3601
10249      3646
8886      7301
13029      2469
15802      5360
2842      5966
6343      3740
11920      6960
5451      1939
733      1260
2055      3402
6611      6808
12965      1812
12951      4578
9741      362
5168      597
945      3966
7924      2063
4277      3369
16361      6690
3929      6564
9644      7945
7537      1108
8187      4751
8377      4130
2561      3787
7483      6753
11326      3627
10475      6210
15485      6376
15413      2545
11167      6928
15926      3580
13807      2704
2769      1339
4167      965
927      7575
4630      3509
14431      5302
6033      589
15135      1016
3456      7128
4264      6215
6377      7923
5031      5620
11676      5714
697      6659
11936      4392
11282      4325
16005      3198
9283      7587
4623      3110
6126      2275
7495      6350
12522      367
13915      7644
10051      1967
7066      3729
12405      571
14242      7264
14883      6177
12237      2958
13528      4082
11582      2740
3167      459
837      5164
8557      251
11373      1407
7282      3208
2963      6913
8359      8135
5498      2366
9318      2169
4318      2985
8198      3409
2509      7266
8131      6582
11810      443
2566      7691
1775      5183
14731      7423
5936      1128
1841      2157
12583      4124
13129      451
6707      2396
7426      5685
971      4985
5000      5732
14704      2868
11451      5710
12803      1441
2946      4814
1605      4327
3516      6601
16380      3607
2777      957
9650      3570
16328      1845
16036      7278
6346      812
12518      3298
10228      7814
10169      2229
14236      1255
1035      5034
2804      5166
13361      6774
12950      3033
1107      3771
14993      1122
5021      2255
15458      1113
10963      4080
11763      4114
15126      2360
11391      5157
13774      3422
11223      3527
8824      7541
728      6041
10600      5358
4005      6652
14688      4566
6868      4404
12682      5085
15856      944
2215      6227
14143      6018
6225      7355
15570      2962
9423      1488
1467      7629
2572      4680
10726      2523
15367      4355
5393      4332
7272      2700
5384      3739
13225      2769
972      1499
11029      7199
5210      936
10300      3166
1405      5706
511      245
3452      3486
6350      4842
576      7930
867      6957
2170      2030
4847      2798
14019      7091
1071      7016
11127      730
8805      7563
4458      3407
11612      5238
7441      8055
14733      5325
929      7108
3711      7174
12176      8046
12648      3389
13838      1961
9027      4851
5474      5284
2919      1045
5666      6475
7128      8121
8422      4342
14403      4041
6961      3028
1646      929
7058      2137
831      7011
1421      5343
5500      1329
9313      1542
4093      2710
5719      2852
6374      6740
833      1025
12577      6696
2980      536
5405      6655
7200      883
2282      3566
15633      3290
12295      3064
1603      2177
10618      7069
9512      3185
8727      6987
5047      4445
9126      2422
16379      1116
6112      1614
8635      5028
11698      1334
5473      710
5171      5403
12825      5174
6278      4281
9240      1396
10564      2912
7302      6371
3668      856
9501      4644
6964      2239
4293      348
6460      475
11288      1134
4541      5794
12949      2316
1155      6549
14354      7311
5249      7707
14840      2915
14832      7933
8553      4508
11453      4735
13830      5423
10053      3151
10500      6518
14152      696
10373      1436
13033      6145
5356      3157
14970      5595
4671      446
2489      2819
6605      5036
8066      1950
11436      6149
11786      1607
4840      7670
15216      6902
5202      2598
15187      3026
9779      5843
14990      7480
9952      6392
12876      5861
15599      5529
10292      2367
1488      8144
16044      6233
6132      5220
2380      2635
5391      2428
9336      6308
3149      3432
8590      6604
5135      7250
4826      3400
11180      1622
2770      7127
11415      3201
9374      1324
14488      4268
15775      7662
7918      7145
7655      844
9518      576
7978      6302
13989      2277
3266      6363
14008      1860
663      7177
5042      7316
14080      2459
10909      572
15555      3944
4923      3714
2532      2983
5149      2355
14381      2618
11847      1951
2190      5905
5632      8006
2075      5752
12397      6478
6996      1228
1787      2468
752      2626
15498      7281
6306      8168
10427      1937
10040      8005
10226      4763
4193      1943
2674      7680
7409      4882
4918      4014
8914      6003
13474      5449
14141      7453
6673      2048
5147      6869
15611      6212
1761      4943
2462      1470
9399      4928
1360      7586
5414      5814
4428      6486
10392      4504
5540      3285
6788      5955
5284      1955
7126      3055
7162      750
2679      5271
3829      3378
3429      2434
15110      5898
15164      4081
7359      1271
8491      6094
5751      4084
4009      2642
4683      7506
15371      6345
13188      5187
11431      5968
5650      4194
14379      415
13204      1928
13892      8102
3573      4339
15906      796
11616      5135
5889      5759
12056      4359
12214      4880
15652      1462
13569      7537
7607      2330
10079      6722
1372      7458
4762      5123
9146      5489
3868      5553
7012      1929
4184      4811
16226      2296
13293      1793
2789      1965
13162      296
789      1382
8077      514
12888      4864
9343      4809
12605      3505
10201      923
5789      8111
7489      7509
14232      4843
14274      2998
11670      1412
15145      690
8931      7938
10251      4785
7797      3853
8865      2204
7997      2799
1288      4805
6261      2056
9576      5913
12738      974
8766      2178
4599      759
13191      5131
11901      5698
11430      2759
1609      2550
3527      1808
14706      8078
13608      7952
9708      3403
4391      8151
1420      4650
1340      6630
625      964
13622      486
2121      6127
14285      3780
16189      2309
4472      1773
3952      5087
1643      706
6410      7320
6108      6821
13550      219
16039      7580
6527      1752
3661      4498
12997      3488
7548      3492
15936      5326
8879      6561
14343      5230
1011      1753
7363      2332
5743      790
13673      283
12537      7026
15890      2141
2597      4795
2551      1618
3628      1141
14415      6773
12410      2085
15310      1068
11910      1313
7322      7893
15511      7263
3291      7238
15272      7633
4139      6660
3380      1099
12981      7064
3630      2564
13679      5347
5584      1743
7465      5472
841      4727
7510      2963
15850      7534
6204      5751
7730      5342
14054      792
7960      3772
12642      2786
5187      6396
14406      3206
3135      7344
14471      1811
1468      1630
2339      5141
12613      6701
10792      4726
5318      4968
4172      2655
14117      3288
13966      717
14357      7544
7515      5743
6677      3897
14222      2109
10617      7181
15258      425
5691      477
15894      5808
4670      5359
15833      7706
10605      5783
4365      5907
8055      4703
8739      885
8964      7517
8303      6906
13969      6022
6660      3471
15111      2586
14822      8181
2146      2641
1469      5093
11045      2155
2663      4711
2432      3200
16362      7464
6664      5312
4737      6643
13856      3263
15759      4758
5513      1759
9141      5156
9394      2035
14057      1477
13745      5055
1279      511
10286      7089
2707      4015
8852      3284
8977      2192
14641      6857
14059      5954
13877      8049
11837      6219
8418      980
11857      4672
1601      7472
6749      6005
12258      773
784      1532
9784      6006
7932      7862
5415      2334
6183      5108
14656      7365
16345      1277
8158      5588
4310      286
16131      3843
13470      2197
2221      6338
7946      6238
8577      1518
6389      1790
7057      4169
7521      6708
10096      1511
14813      5104
2907      925
10861      5115
13126      4899
10710      1668
2595      4293
5549      3599
8963      3701
3207      777
14486      6381
6564      1217
12705      7288
6286      6841
11883      873
3932      7304
13884      6180
10534      623
3023      7477
6712      2714
7565      4986
16113      6942
5594      3133
16160      224
9213      5645
4786      895
13709      4879
8271      5306
5622      5948
4950      3699
3313      5250
4924      3645
6186      7338
11585      7694
7203      7985
15263      1968
14056      1179
3293      7914
11646      6330
4711      5457
8017      7503
6920      3981
9564      2254
10961      3921
4931      3737
605      1891
5082      7443
8818      2202
3133      1814
7002      6540
11845      6123
3197      1478
2662      6594
5736      1520
6325      5300
10809      3557
14752      7529
4699      2562
8887      3092
9630      7295
3689      1837
4445      6484
4385      6446
14532      4162
9163      2252
9805      5480
14473      955
13653      3302
3117      5275
11274      2653
13818      2066
8476      3491
3310      5142
726      5050
3971      6854
5869      1911
6075      2331
606      1285
7316      6755
14205      737
8484      736
12179      2888
12367      4953
13515      4390
9082      3957
13614      370
6364      5209
2447      7461
11219      2122
9724      3519
3415      7388
16206      5255
9882      6426
3645      534
13437      6730
9420      1219
12532      4910
4232      3858
14093      2865
14791      1167
5419      6317
10305      7745
2822      8129
531      2538
5744      1552
14087      7419
4520      2426
5983      1349
11460      5742
6708      3731
10263      660
9299      5199
7353      258
12729      6423
10701      5740
3735      6769
5970      5383
16213      5651
8533      6074
16270      472
8990      7162
2095      6786
5539      7966
6295      206
4394      3510
14892      2302
8693      7608
8064      6801
7500      2856
8953      4944
4764      4954
3159      5675
10685      4105
3519      3728
11973      7817
15438      6653
9642      343
9970      3004
5154      673
12779      2191
8579      3823
13665      4591
3319      7147
8862      7267
14703      1011
2893      7630
1328      4352
8168      1913
11765      1101
6697      1372
3757      2265
6462      5001
14472      897
8132      2674
7250      4449
2584      4381
5426      2743
10943      3339
14092      1196
5122      7813
4707      4595
7387      5638
5121      5453
6714      3679
12222      7121
14834      2349
6615      5972
1663      5270
8225      6383
11271      244
3339      5409
12310      7886
1134      3243
9600      3539
3887      3681
5775      4412
2582      7105
8626      7981
6387      2429
15753      2455
2341      3041
1773      5243
4881      4280
14130      764
3268      1240
6265      4612
11179      5681
1966      7037
9084      1337
4755      2506
14541      4011
12653      5299
14899      3832
7091      5922
7026      6814
16035      723
537      3379
986      398
14787      6749
4588      7565
8137      7207
10639      5895
5819      6538
16070      5292
13819      8022
13924      557
16231      2706
5773      689
5758      5824
14558      7418
14942      3873
16255      5497
10626      5779
7450      4095
12977      4487
3877      2647
5130      3006
5486      1609
6508      7136
4636      3280
14810      3423
9103      3683
14526      672
12347      442
4128      5248
4153      1560
12163      804
15284      7306
13300      6779
2499      5663
10265      5796
4648      7196
15988      5586
5009      1110
4420      3817
7296      6220
5066      1490
1357      3184
2463      6884
10877      1319
13557      3497
8849      4679
12240      4073
1090      6111
13607      7942
7219      8059
2136      4888
13019      6142
14976      5355
15569      774
8848      323
15805      3614
6874      5625
1764      4147
8298      3705
12128      1172
9561      7427
8608      6165
7982      3480
7956      5887
10452      530
11355      8020
1189      4700
9976      4957
3033      845
8871      795
11305      7881
3195      991
4015      3079
11197      6492
4722      8050
15949      7594
12271      7308
14280      1201
2771      5068
13306      566
12228      5643
11296      4608
1403      3990
1243      3790
4116      5436
8696      6412
1445      2081
1942      6147
6644      8069
11791      7861
12936      2947
2876      440
16136      2393
14744      3871
10798      862
3303      7582
11945      5263
15755      8149
10965      4747
2263      1284
13445      3669
3878      6318
6579      5939
7620      1694
7152      3301
14394      2423
15997      2885
5522      4510
7903      1227
757      378
13138      2816
583      7240
1152      5960
13514      4292
1792      4192
13933      6148
1434      4440
10758      7698
1738      1890
8465      7602
11543      3433
5859      1709
8565      6189
16063      3001
11819      501
12414      7098
934      2301
8368      6399
622      6848
6895      1652
1694      5709
7403      7488
5493      1853
937      1803
7466      1945
2780      4468
3967      2015
11804      2140
1277      872
8785      5082
2134      1980
5696      2146
12453      8127
5636      7917
2475      4634
14067      1065
12690      2925
12810      8138
10039      4630
9459      6060
8300      583
8087      3355
16068      4256
15063      1775
555      2358
899      1466
14685      1863
9075      7661
980      951
13069      7333
1296      3223
14288      2708
4963      7070
6213      394
12720      6494
12755      4543
13725      1200
14583      6322
8244      420
1549      3975
2694      7126
15185      1266
14778      2336
9909      6627
5602      881
1849      7993
13496      683
12008      6560
5282      3387
2404      8089
11706      1336
2720      7107
9330      1851
12096      5896
7676      7520
2152      2269
1444      2471
14681      7330
12401      2820
13808      5214
8715      731
11832      4100
15727      3090
14939      5063
5616      4482
15969      2736
503      6211
1771      3040
3256      6328
14401      7489
2079      6978
16263      381
9406      1807
8767      3974
9405      2376
1816      3310
10976      7331
8703      2130
2092      2194
1820      6505
2860      5393
12812      7657
14456      5311
3566      7782
6134      5469
8441      448
7802      7031
5386      779
547      7096
11931      7688
3670      3727
9294      2778
7141      1949
14268      7272
2622      904
7259      5007
3209      7810
8036      682
10467      269
11359      2451
11578      2988
5637      3164
2431      6202
9864      3597
13416      3273
8881      8166
11129      3732
12687      5804
16280      4207
4040      5835
874      2734
14253      6536
9029      6091
1089      3468
9395      2593
3964      347
10678      4783
8988      6734
12122      1953
15801      6858
4867      6983
12996      643
1916      5110
15776      3708
3407      2304
7979      4977
1780      6313
11642      2676
755      6718
13613      4590
15050      5339
12004      6881
8808      2691
6551      6436
7097      4861
13741      1252
6676      884
2456      5690
15307      956
11538      2675
2539      1410
11641      3716
2153      4119
8437      1771
11494      751
3326      5821
832      2844
3610      2249
8164      3605
8997      467
9678      515
7792      4519
10116      4704
14413      4471
5175      5320
9905      5943
9810      6178
1983      4625
6993      435
1147      3095
2315      5975
13417      5947
13124      7864
16254      6737
7137      6290
3323      4828
6494      4960
4606      4058
13534      6448
5161      4488
12232      587
2429      6710
11394      6404
6666      6071
7463      3761
13402      810
6867      3941
11104      1301
13485      666
10213      6609
2711      5596
5446      6261
3317      4186
14215      989
3790      5505
14700      2128
9887      6558
4437      349
8183      4424
3604      1138
2300      4560
4844      2926
10890      5006
8793      4161
2154      4587
11092      6646
15654      1389
7281      5321
9074      7463
5902      7983
15393      3163
13218      1365
15372      769
11327      8108
1166      1421
9949      528
3357      233
9978      7573
9570      7696
4384      3629
5005      510
3695      6207
9310      4896
8558      7525
10971      5167
6130      4305
6869      6097
14101      1262
6938      5561
1540      6030
9766      3214
6177      2853
1772      6049
6509      6024
13065      4027
7707      5378
2411      382
14786      7585
3474      2068
7472      1588
2588      5870
5609      7874
14854      2136
12848      3655
6875      506
9401      6813
8301      3586
5989      5547
9226      663
14507      603
13034      6919
2225      4382
15491      7546
2048      7078
3284      7576
8174      546
702      1829
12679      7379
2099      3013
12089      1213
1419      1479
1207      7156
1534      6424
14659      6926
12312      4993
9473      1036
5027      7236
9463      1002
14419      4287
13778      6691
6729      3828
8049      6707
8520      4633
10281      4328
2182      2305
7398      1695
11974      2619
15262      1205
4747      5562
1261      5531
13699      4056
12357      1962
12778      8186
6113      5612
12159      7658
4913      8133
8501      3890
4761      814
9588      5849
15982      4826
14246      3042
3550      1525
5835      7066
4536      7217
3817      1874
9426      1828
11228      3371
4051      7239
4651      1815
13307      6069
11541      1325
12131      7988
3855      5231
14329      1824
3223      2210
3796      3604
15670      2234
6544      6530
7344      5482
3764      8039
4243      7228
6750      2164
2763      3313
11925      6621
13109      1178
14337      5351
2485      7866
1503      7244
13071      2930
9775      4366
10225      6358
6523      7827
13484      5200
3335      7072
1415      4875
7494      1730
5875      3016
651      1654
710      7015
12971      2620
8574      6938
3752      565
2094      7747
9312      830
11886      5881
2988      4376
2964      3763
14812      1267
12788      1084
14782      857
3068      3713
13744      6450
4198      1541
15316      4010
12043      7390
4253      372
2571      3167
12066      3926
6463      1559
12058      5029
9347      6847
4558      1778
3221      4589
4457      2412
13520      3844
11177      2744
10297      2399
10166      4963
1863      3219
10507      2174
5857      7712
13660      4033
635      2729
3243      4178
1582      6449
7337      4645
4534      4831
7243      311
10233      5327
7164      2036
9217      888
14150      7154
2444      4208
9829      2850
14604      2671
15678      4600
4044      7840
9157      4220
11222      2567
14336      7681
8343      987
11111      1129
7597      3088
11591      7448
8622      4667
1387      2568
6162      8177
13749      6351
6013      5521
16266      261
10331      4883
13652      1282
13015      3074
9265      5026
12212      2467
11507      2984
15504      5478
8685      836
16098      6792
5532      8033
9587      5885
15202      5581
11201      948
8267      6964
13773      4098
5984      7894
5568      4108
11533      7868
1482      295
7862      5245
11903      6434
6497      6292
13339      6556
9366      4279
8031      1079
14131      6780
14186      6137
14010      7883
1192      7303
3445      970
15925      7604
2240      4707
9626      3328
8391      2594
14463      1725
11281      4923
15486      8030
7632      549
3747      4450
11382      4746
2928      8101
8259      7063
4693      2560
7448      4643
2199      1165
8048      6673
14527      3980
5503      554
2491      1451
4863      3294
7146      4406
15387      7750
2623      3575
7408      3299
11410      5011
3309      3484
4451      7393
1635      3105
13946      3149
14674      1222
5971      319
7850      5363
14567      452
7077      5844
655      6860
13491      4817
2672      4530
16047      4521
12253      5508
4464      5398
14112      6458
14129      340
5968      4037
15708      4723
6024      4609
7088      2893
10910      4786
5873      1104
11039      2387
3365      8001
11855      1182
9372      1021
10362      7683
12968      3793
8564      7847
2784      7024
5591      601
1786      426
13729      6251
14847      7052
4174      492
13398      5462
996      7271
2691      1922
1030      5914
2494      1346
12541      1342
6038      7285
14792      4722
12343      8148
7653      5637
11471      6666
7254      4109
6191      6665
9191      753
1311      252
12359      2569
14385      2731
647      6204
8098      7077
16192      6915
9725      2680
5757      7869
5343      5019
10804      7687
4812      5734
2366      2112
10718      1818
11948      6151
5074      3798
4613      5756
1572      1427
13004      3116
11381      2540
2297      3012
10687      517
8229      3638
3606      6466
13601      7425
13040      2678
2277      7816
5674      711
6543      6309
14159      7210
13930      6546
10453      5945
6787      4432
13921      4334
5519      6329
13036      7857
14309      5252
8395      6742
7608      8128
955      277
12932      3942
10352      1557
14433      6571
6536      4848
910      460
11532      7710
12953      1527
14002      2742
4803      2547
1541      6154
2020      4384
5098      1074
8975      7935
3905      7809
5373      2497
4315      1804
12539      7061
1118      4681
10747      527
9461      871
11085      8160
12955      6047
12364      4217
2661      914
7799      7788
13936      5702
967      4006
10264      5054
5570      5723
8856      1387
1826      1746
3884      3312
11363      3603
10274      272
4303      5057
1255      6909
11592      3262
4386      6340
10588      6663
3973      1680
4769      2100
6591      1259
1854      1154
12816      3565
13521      5447
10006      3810
2583      2183
9235      3419
9227      6825
15741      4863
4251      6700
10663      4819
12213      7787
6655      5379
11623      5842
3823      3158
10584      1690
15673      5598
7299      727
5238      6912
14510      2694
10322      1728
14307      3132
14206      3766
4358      7867
2629      6577
1447      803
820      5042
5036      5154
14105      2909
2109      5269
12151      1627
3963      4918
5203      6757
9806      6726
13413      7865
4191      3602
14669      3150
2977      3754
9628      3424
3392      1884
16009      4233
15902      1426
13297      7088
4781      7482
9861      2636
13733      8076
13720      4846
10247      6988
5040      5730
13565      4660
7690      247
6271      675
14925      4170
12845      7175
1014      4443
893      781
11063      4365
5266      4257
15638      3071
4048      6592
3151      7415
6972      6433
14475      6373
10586      6616
1378      1734
14438      4435
12366      4640
15114      2061
8460      6440
2062      7114
3451      3555
11425      4619
4252      7987
15052      5218
7659      5165
5662      608
15848      6891
13446      7770
10848      7853
11221      6295
9652      1758
8569      658
3269      7716
3066      1279
9505      3014
12200      2378
6486      5855
1304      5906
6222      6224
15987      3959
15177      1894
3359      4691
14348      3989
16046      3770
11980      5390
4946      4534
3015      978
6327      5139
14011      4673
14115      1655
3858      1151
13949      1592
808      4493
13443      4360
9880      738
15211      2124
3739      859
5118      6282
7709      1075
15306      4300
10634      1683
15809      3314
4002      7560
4685      4687
7975      4320
13107      3309
6316      375
5526      943
3444      7821
3485      4457
3282      1117
4016      237
14835      6354
5788      1187
12275      7049
14517      7468
5067      519
7371      1503
2953      6500
1892      300
8868      2101
10391      6968
7174      5498
4207      5534
8527      6400
12386      6122
15675      5201
10851      2219
13380      5078
12706      5405
8911      2151
16109      1736
3492      2684
11986      4263
12116      5916
989      7102
4498      1164
8542      516
11569      3121
7867      2591
8884      5317
1325      2580
4861      1150
9402      3872
13881      3498
7042      5605
8728      4055
1706      4437
7954      6073
886      5304
7558      3552
1021      5206
14846      7129
16313      4780
11647      3753
8656      4871
894      3398
14793      7057
4527      2553
12677      5530
8958      4019
4446      4165
7138      6367
810      201
7098      6230
5348      4540
11550      4873
7652      3266
9504      2809
1060      2395
11917      4742
1604      629
3691      7784
8113      3582
15242      4931
15107      4712
3436      5833
3114      3375
10285      236
15597      1899
11733      4564
9256      5775
2833      5662
11998      7815
9691      5912
14966      2879
9586      714
6120      984
13848      3007
11915      2064
10704      1620
9460      4555
13475      218
3682      3455
2413      2187
14520      7370
14833      7523
4370      2575
2942      972
6916      1381
10271      590
3544      5365
13859      8140
15724      3991
8839      2943
14823      5098
12285      942
9974      7605
5653      4190
14949      609
13404      4920
5833      2166
12235      5829
14487      7429
6260      3917
15854      7495
12909      3311
13758      2975
5827      1584
1446      5810
12442      1189
6083      7737
15617      6314
2757      4215
2760      4319
9764      757
8854      2548
3618      427
14559      3531
11876      4975
13454      5424
12143      7765
8081      3358
5975      3059
2689      7117
1097      3473
11966      4694
6821      4490
14944      3762
2036      1570
8980      1547
12046      1948
8834      5993
3228      1465
9089      1098
1062      8184
5814      7209
4661      358
2010      4496
6671      4777
6141      1534
14829      4537
3108      982
13331      5669
13826      7526
1465      242
15518      4598
5388      7216
4941      3954
14335      6053
9058      2891
1061      1095
10700      2968
1117      5524
1413      2156
13066      3466
16102      4581
4389      5817
768      6573
10041      4064
13254      5237
12418      1611
12199      4801
11041      4092
15669      7572
9028      7432
4897      4012
3190      5660
16210      7141
6483      3373
4211      5761
8414      7597
906      4283
10947      6629
11580      2876
12270      8155
14070      7654
1875      7233
9824      7852
10363      2660
4028      2980
2658      2705
14275      5591
15103      3207
1796      6172
8620      7229
2598      2524
15473      6626
1622      6058
1105      1848
9410      5370
14325      7286
5927      3494
8156      6169
5325      7426
13973      3308
12266      3437
11866      328
8495      4303
6156      7484
6100      7676
5531      4065
2314      7997
4073      3748
10793      6119
10245      525
1199      2579
9959      1768
5541      7975
8074      376
2839      6578
8825      802
14940      2827
12608      5757
11590      5221
2028      303
15095      1721
3619      4523
15912      8036
6020      820
6247      6520
4329      586
8044      1649
1334      5652
3766      6998
8613      5671
7829      7353
13364      423
10643      7251
11553      2621
2471      4859
14075      7740
2271      5763
7114      3765
3297      5668
4814      6559
14459      4265
12229      6812
4794      2936
15889      2933
13077      6959
5700      1131
9813      7549
9292      6326
1188      3973
12578      291
14423      7028
14686      8165
14276      2337
1679      5277
1557      5276
3616      5016
11683      4106
15767      4903
7157      7793
13409      7084
14397      5394
11675      962
4763      6028
1164      3953
6836      2834
10744      2801
1862      5750
9248      406
10268      5129
948      7265
6107      4868
12141      3571
7697      2875
7795      4168
14034      661
9591      7043
6320      6195
11755      4117
4900      595
2361      5458
11149      1166
13096      1932
9903      2628
13632      5923
8280      2906
11307      5027
10019      484
2587      1341
5037      2439
14907      5333
4026      8125
5461      3702
13985      4052
8051      2760
11315      5323
12544      4720
9344      4422
12837      2695
14602      4628
10485      2849
10494      255
4061      3334
13661      7880
10752      6126
15048      2382
9585      567
16006      4728
2477      2519
2576      1459
11926      4492
9403      2633
2131      3982
6348      4116
4850      2029
14199      7498
8488      7899
7365      8096
8018      2285
14145      2328
4094      1539
11480      8191
1187      1628
2684      4122
13530      8139
13827      1868
15118      5545
13312      6432
10288      7284
9930      4370
1594      5491
8231      6200
14157      5976
7737      359
2845      636
750      1058
1108      4467
1180      4721
2984      2037
4020      7675
1354      2287
15246      5013
5807      2752
2011      6231
9309      5840
7617      3630
861      5831
9774      7543
15011      913
10631      761
1006      6525
2399      1888
3526      4884
5296      2310
4205      5109
1282      7822
9957      7611
5774      5335
15789      7664
4710      7552
12352      6682
9783      7118
5495      6245
10075      3316
7928      4258
14798      6276
13355      3561
10375      7372
9305      7774
1266      3019
13114      3624
10921      6798
11994      2753
15321      2324
9117      6467
14482      1112
11525      7422
13517      6743
6044      4696
3391      5623
14052      5316
13864      7512
14946      8123
12675      3061
12481      6349
11062      5658
6313      6741
15731      5344
14481      5815
1982      4315
4666      4057
14773      3098
8736      5431
7473      6641
1116      7409
4949      5677
2989      612
15510      935
10835      2215
14082      3362
12700      6977
12734      6818
9262      767
6881      1862
5158      6013
3579      3662
4317      4067
9233      4255
5371      8099
14848      3587
4677      7259
14361      1133
4413      805
4319      3270
8861      6651
14750      6744
1300      1162
9767      2414
15334      5368
9031      721
4635      3515
4624      6185
11345      7513
12986      1305
12557      5727
11215      702
4782      4617
14146      4337
11768      5725
5255      5649
15834      6917
6398      6668
13140      4532
11486      4489
9610      4410
1811      3938
15328      7839
13873      5603
12821      7297
11071      3747
14382      1000
3379      7356
8819      4099
15008      3857
14466      5514
4112      2480
4300      6387
10468      2418
10757      4922
1614      3094
11469      4829
1654      5571
12589      1970
843      4363
16080      2832
11362      8180
4701      1386
15342      436
8956      2537
3007      6228
6393      6035
8046      4160
8432      5986
5176      5809
4557      949
4035      2919
796      4157
5239      8136
2360      2840
4510      4399
7844      1919
9971      1186
7291      3231
7354      220
6573      1748
5732      2910
14818      2071
12197      215
3965      4035
15658      3773
9594      7931
8742      2977
8291      627
13956      5805
6479      5395
8795      3078
12427      5450
3734      5516
11440      8176
7290      6636
8788      3778
3644      979
11758      1326
13813      1691
3712      4855
13503      6882
15497      3343
668      1323
7341      200
5682      6370
14004      2894
3032      2854
8128      6565
4567      3541
3497      6895
3132      7626
4022      4761
10138      4886
4276      4388
7864      4538
10854      3085
1349      6064
8023      6498
4104      6527
15661      5492
14728      6186
5753      3332
14961      3365
7370      7531
11117      5873
2171      5601
3099      6657
12155      1107
7950      1660
14542      5265
4917      4890
3470      6504
12318      2282
8555      6788
14298      604
11881      4898
13847      6963
8296      3896
11510      6640
12884      1109
12476      742
16173      2892
1660      8063
5706      2549
1728      2104
4338      6286
6025      3850
1839      2384
6613      2203
15563      7522
12569      6040
9999      5376
5034      7452
824      3745
8331      1521
13810      2274
3524      4962
15480      3809
6623      7888
15667      3267
5597      3483
10657      2186
8193      7538
9324      7195
1545      4040
684      4964
12174      4718
10358      4241
3042      6393
14713      7465
10702      3342
12175      869
8000      8185
10142      3722
12031      5978
6002      2889
11491      2623
8443      5700
9175      4375
6499      2643
14753      1170
12621      2470
5878      4368
6811      6473
7609      3333
5143      2031
10537      837
5798      5207
4638      7076
1250      7569
8747      7111
15798      4816
7476      2482
5885      7205
10065      7634
7059      7641
11406      4054
13170      1516
16129      6796
2181      6874
15091      7438
9611      2452
1626      6802
6778      961
3272      6209
15886      5540
15085      5745
737      6007
3827      1198
10769      4185
11826      4144
3865      6014
7989      5092
13942      7324
11551      2510
15887      5134
11923      5682
9925      3512
7178      1599
8333      6301
3077      4766
3922      5448
6475      6563
2992      4514
15021      3550
8320      5746
4760      6443
10745      7623
13212      6970
3818      1366
5812      2880
8075      2107
12496      3474
14238      4195
1479      4548
745      3354
9496      1125
3403      7180
5563      2070
16304      8091
1911      3119
8525      865
7712      3653
6604      1111
16050      7742
6628      7823
6409      524
14287      3374
9190      746
15816      5979
13783      6925
5052      1238
1076      4959
15790      6931
2772      2179
12423      2044
15360      3979
14895      5367
15795      4110
5264      4438
637      4658
3705      8098
1743      7910
10397      4620
15937      5536
4566      6829
3021      2445
771      1840
13387      8124
10396      5198
14305      4699
5379      954
9430      6935
10732      5518
13427      7378
6274      4955
11225      7336
9462      7514
4366      4506
15897      4547
10493      4836
9086      3108
14997      6579
4788      2251
5269      8093
13120      6080
2687      2006
10637      3936
2080      3730
16299      3168
15339      263
6925      1994
16186      2374
8545      5364
11684      4347
11561      522
2254      1509
14929      7995
1005      6413
2246      450
14811      6618
9735      2084
3054      5713
10139      4274
10420      5324
10843      4461
13932      2532
4514      6032
11975      7547
5039      6461
5132      5125
14735      1494
14755      4585
6012      4593
1978      5781
3656      5928
14764      930
4995      7254
12139      4769
15323      6839
10413      4353
10878      6002
9997      834
12750      1796
11600      2043
5328      1487
1265      7497
11637      5484
4909      7152
8927      4656
4568      3677
554      6725
9136      6247
14291      310
15020      4150
15290      1275
2754      6474
9362      5213
7878      3171
15960      2327
7783      6602
14474      1496
887      1572
11207      6862
12665      331
8665      6541
13435      408
5502      1430
14853      7984
1720      508
6421      6166
8254      4266
1828      4211
5627      8110
13916      4428
13299      6415
13907      2520
6238      4862
13432      1147
1994      3759
561      3503
6492      6159
856      2588
10536      6837
13707      7287
12355      776
6943      2167
11224      7227
8515      366
9640      2359
7823      7850
16181      2170
12121      2273
16139      6633
6361      7841
11335      290
5799      4133
570      5762
1048      5392
9795      6680
5048      267
6831      5486
813      1060
588      229
15434      1855
10948      6334
2637      468
3437      1143
9169      3661
4927      7956
9918      941
10421      356
3840      487
12195      2863
13999      4887
1122      1508
15933      6384
5692      5768
10320      6728
14018      8071
4929      2363
5710      6260
11236      5033
4960      620
15626      1873
9123      5350
14780      670
3586      3685
11858      4507
4604      5294
7584      5851
1487      3414
3788      646
9911      7583
3557      1800
2653      6359
5832      765
2416      7692
12361      4794
7072      4333
13717      3139
8139      6775
15268      2726
5841      1136
10652      2513
2807      2994
5911      6001
8870      4874
13097      6332
5648      488
2902      3752
4828      7690
6566      3522
10912      7548
13268      5387
10636      7875
16115      3363
8210      735
3927      5703
15587      6438
3959      641
6441      6397
10057      1586
11823      5244
9674      2154
12813      5228
1568      1701
15410      6272
11946      3606
2654      5282
10108      7039
11885      4166
3247      6671
10713      552
4678      555
1380      2859
9120      3048
1894      1646
9385      2199
6850      5526
5427      2937
14965      1314
5478      6167
9629      4163
12625      4877
3792      3665
2412      5747
10951      1685
3174      1156
15479      3956
6718      2049
7191      1715
15867      3170
14114      1001
13049      7685
3753      3114
13736      2522
7545      2473
3772      6567
15774      2347
12536      2288
8624      6021
4831      4155
15484      6748
9357      3721
14493      1870
10474      2472
11038      7194
8781      1640
9242      7579
11361      5494
1929      4318
5581      539
15762      4374
2880      2127
3893      1042
1823      3709
1586      3024
13461      6553
13939      404
6728      6543
13244      5442
15429      1018
4610      2284
4224      7322
12515      1546
13292      945
4893      8058
9093      981
7293      4330
9125      5509
1903      2822
8985      2511
10302      5507
7163      6550
8030      5047
5281      7927
4311      2514
3770      3406
3869      4086
4453      4750
5865      6175
8605      2765
11251      6156
2932      1243
15276      6284
4980      6252
5369      8146
8373      5611
8010      2685
14513      5995
5641      6019
2569      3489
13689      695
4049      4239
4328      6850
12819      6243
14999      4636
9915      3217
15296      6039
1454      5654
1963      2810
6507      7901
9834      1729
8873      2325
1457      3647
6349      2126
2076      6606
1577      2391
14983      7430
600      3186
12905      6107
1723      1103
12571      7313
6500      7848
16187      5848
11628      7434
16140      2373
7619      7844
3576      3005
11844      3535
14783      4870
973      1956
10748      6082
2390      1986
5112      988
3704      2466
13424      4495
6937      6459
7942      835
2874      2939
12437      548
4336      7831
13104      5152
12277      2454
4145      4131
13898      410
15266      7998
974      3476
12758      3695
8567      1892
798      1051
13762      1530
2721      1278
10176      3514
15878      3560
9573      7540
2403      7385
13820      4234
13980      1019
10127      3174
2612      3010
8221      2650
10664      5790
9713      6992
7981      3635
9592      1897
8890      6851
8519      4179
10665      3293
2074      6619
13662      7035
10458      3115
3555      5797
5760      6772
9414      7382
4122      7588
1639      532
7757      447
1621      4980
2677      1760
6713      6398
15571      1832
7549      3696
8106      345
14247      8068
10648      909
10502      1345
8750      2518
10899      4229
14563      4949
11774      4527
1700      1644
13612      3072
8091      1751
1886      4224
8646      3788
9980      334
3227      3225
6404      7570
15575      5971
12666      2087
523      8066
5070      395
10224      568
2212      2457
6064      1506
4652      6943
9548      7884
8765      5961
875      7381
2513      5190
2316      7273
5536      709
3024      7577
3290      2883
3591      1561
10001      5415
2975      6000
7887      7421
16118      4031
12363      6552
6005      5920
9938      1915
11818      7359
9212      6512
8641      2007
9340      7222
14759      1670
788      7729
6049      4447
1397      4921
12432      2005
2324      2138
11216      4892
11109      5037
6607      4189
7068      2833
7240      4430
9637      6382
7769      754
4324      5219
8636      3478
3216      4682
10480      339
6668      1432
14903      5541
15407      6493
12978      2050
5322      2220
7364      6054
10324      2001
1976      5854
9698      521
4390      5522
772      2535
1484      388
557      7946
14452      1020
11132      332
692      3822
7051      7190
10597      6995
8362      2999
5428      5477
10311      5017
12210      7268
9668      1696
12585      5296
6055      1209
4994      2585
3200      4938
6959      1969
15578      2142
8045      1175
2493      5172
7326      7578
12001      1756
16021      1457
11416      1362
10691      6610
9703      4505
564      4812
7551      858
9162      2312
5600      6096
12593      5872
11465      5285
3062      1215
1111      3507
6907      3594
2965      7937
11276      3725
8446      4367
15096      1653
13352      6130
11799      7404
3758      4372
3460      5386
15680      7406
5422      588
9268      3930
13122      1483
1463      1191
10738      4616
8272      353
3716      760
10310      6958
4600      4621
15400      4588
11290      6770
5991      5899
7415      210
9100      3137
16030      3883
8473      6079
10826      7269
5913      1975
9718      3902
15236      4559
13000      7319
10348      3412
13235      2404
13240      4026
1974      5911
15861      6034
7911      3260
6740      4260
7300      3439
11783      5795
8659      5455
2202      4698
3013      5959
14930      1776
3535      1563
5459      544
5382      6693
14766      5566
1931      2353
5288      860
11057      6229
6323      1820
13078      2969
7217      1354
9435      5091
6339      4774
16133      2025
8464      6075
6982      6050
9323      5280
11906      6411
3746      4942
8815      7743
13497      3127
16101      896
8947      5628
5808      7859
6145      7093
1079      5604
11777      7203
5937      281
13889      7606
8756      7046
6721      7858
5479      2990
6099      5670
8398      454
7935      1290
11121      7761
15525      4088
13411      3117
4614      2088
12225      8000
2751      3807
12250      7241
10125      6625
3751      2016
8458      1082
15879      5533
5702      4562
6737      2776
13074      1367
3084      1717
12739      7969
6021      7855
1433      4646
14757      500
3902      4767
6408      7462
1598      3616
8755      5336
5403      1777
13217      3875
1997      5254
6491      5372
7791      1031
13786      6833
12349      4961
2812      705
13625      2658
4979      6953
10560      4125
1148      5440
2320      4407
15298      801
1018      6253
9253      3203
10178      556
5423      1906
12127      816
4584      2488
7822      2712
10314      611
12144      1142
11310      5504
4359      775
9973      4841
7257      1887
7237      7890
6368      910
9832      3275
7236      4446
2359      3548
15978      6374
5944      405
9866      6634
15628      5170
14677      5236
14099      5882
6643      1764
6438      4245
12834      7131
4313      870
13651      3128
15416      7172
4903      496
574      3449
15717      826
3815      6985
9211      5261
6689      6098
6372      5946
5200      3454
10638      575
2976      1926
16062      3287
10551      6800
14302      6385
14861      985
7787      640
864      6273
12430      8118
2195      4741
15763      1355
13393      2954
5257      4397
9553      4713
12760      4439
2289      4177
2920      6499
5739      7163
2650      1370
10168      4317
5792      4077
10675      2195
14867      1403
14252      4072
2078      6713
3977      6037
5868      5096
6401      2365
13800      3109
11864      4321
4888      2782
14191      7603
2500      7982
6878      2027
14740      4048
2264      4857
10972      7651
8601      6936
3168      341
9214      3741
12354      6932
5588      8072
16322      315
6144      5184
8357      5193
7646      5552
6683      4101
834      2286
518      4592
3719      3862
10952      2536
10628      3553
6631      1875
16138      204
14684      3073
5655      2102
7818      2796
873      393
8906      599
3505      5624
5103      3833
1204      2450
14030      4126
15615      7294
1352      3898
15319      6280
6220      4427
509      1439
6733      6712
13572      6686
5777      6132
8787      5636
5715      3142
7512      8038
15112      7715
8987      7873
3495      1491
4791      1665
12036      5737
11822      3091
11006      5769
5166      1013
4082      7940
15348      2662
5179      3712
7284      2319
11229      4708
12615      2057
4417      7020
9375      485
3476      7022
9743      7926
1098      2847
9688      2300
1475      2886
1699      2200
2775      7411
3092      2501
10376      2442
5890      5680
2347      1881
11340      5774
16234      4833
10783      3593
8306      7885
7501      4007
6702      2805
9878      7977
8853      5770
14213      1070
6354      4997
9653      6365
11704      7408
9431      241
3562      2525
3173      6719
3248      1844
13910      2291
2192      3441
13035      421
12516      1755
4859      396
9996      5150
7106      846
16013      232
7574      2207
3814      3965
11058      2711
13493      3136
1766      5847
10920      2408
8547      7734
15120      2079
14521      3160
12053      365
6813      4827
2384      749
5375      1411
7973      5933
8175      4176
2602      3397
7759      2929
13013      7693
6791      4097
6275      6649
13927      5532
3958      6234
2830      6973
5933      4866
585      1841
1120      8119
4700      4940
2081      3933
2729      932
4731      6112
12292      7450
14588      6830
9875      5826
1760      441
13580      7479
1312      8090
10766      1679
5349      2106
7499      6395
1316      5676
5626      4046
8084      3742
13716      8024
12933      5375
5447      7718
8252      6623
8790      6605
13232      6603
4646      694
5684      2908
12584      6296
11622      6391
2183      2105
13047      5513
5670      6545
4206      2046
3126      1558
16355      5445
8401      4834
11021      1548
10330      2651
15602      5437
16147      7496
9131      855
9358      8164
10739      3835
7113      1713
14209      4649
4084      2775
10608      8081
16330      7413
9105      2813
1767      2123
15381      5523
14384      5429
11811      7436
4381      677
3638      5341
15028      5401
15881      1940
1735      3018
6435      598
13990      4173
8678      2247
12374      4765
10788      2724
13334      799
10100      3501
2854      3461
3264      4324
4164      6081
3834      2193
11402      1568
13464      6026
10030      6872
10246      4557
12976      5904
12658      5005
7621      6819
13865      1424
12921      3993
800      1206
14173      2354
11934      6694
11474      7455
7852      3851
2606      7764
12278      1533
13657      4261
11023      5726
2311      5883
10136      3411
922      6445
10099      1233
11921      6217
15452      7467
13539      1250
15024      1347
1270      7165
14841      1072
9068      4425
5824      5858
4491      2392
1520      3884
4876      4134
2782      7085
16148      3057
5385      4808
8144      1130
9944      3093
16339      4483
9013      5257
2529      2093
9906      3322
9606      4120
7123      4059
3316      4716
13407      1248
8213      5949
15003      4145
9140      977
7947      7197
4944      6386
15300      6965
3852      1434
12864      6765
5703      2559
9107      2657
5765      5297
10033      3249
14485      4994
2206      1160
1705      3556
6008      3868
1321      1684
7774      2438
10911      7545
6322      874
11297      4396
5589      6278
5980      1414
7190      3983
5906      6642
2344      5468
6412      1173
8932      2821
3321      4852
10962      1581
13602      5279
15461      7366
12236      3842
10751      5373
8796      7911
14991      1923
14646      4491
11697      4096
12370      3660
11203      3102
8328      489
5615      268
3378      4354
579      5307
9370      8145
12255      5661
12064      3420
10383      832
2019      6451
13383      7574
9988      3914
7080      1092
7235      5525
15220      6890
6549      4478
14470      7053
10034      4209
14760      745
1289      7812
5612      6076
15644      3634
12724      2611
11523      7082
12946      713
14545      1889
5529      8018
10123      256
11066      1009
11997      3045
13323      3949
7807      7252
6233      2640
7615      8067
14283      1540
13425      7628
1376      5853
16124      3347
578      5137
16374      7456
11619      5798
12641      5314
7061      2896
14066      7639
7195      5694
2937      2976
13868      6776
4373      2062
15918      2272
12455      7247
6493      3239
15235      6745
892      5133
13965      4570
3986      6288
9608      230
1538      6683
6663      1761
11154      3180
8439      4929
16057      543
6294      4118
4807      5168
5273      5969
12511      2862
4728      2065
7453      1876
4144      7892
11014      4005
13734      5672
13682      1566
5432      2681
5953      2978
4173      1901
10446      4965
2385      1458
1394      1641
2216      1061
14723      5079
7020      7354
14742      2773
5668      6724
1012      829
11954      6346
4872      4651
7527      2659
4443      1686
9604      5179
4933      2826
15237      4141
9011      1780
14642      4773
3333      540
9199      1524
2345      6622
8612      1834
1113      3295
5551      2075
5389      6845
15082      7391
8487      6364
12196      4159
12521      5356
12409      563
1382      4395
1435      7925
14771      5476
12508      428
5453      1351
5820      4016
9617      2121
10146      7054
15193      3690
13857      2612
13308      7373
13285      7773
16082      7173
4330      2038
1819      1959
5954      1619
1981      419
13410      2668
638      2077
12861      5556
9378      6846
10195      3834
10573      2214
14271      1304
2458      2665
16235      7116
11380      2758
5810      6428
9356      1512
9555      2380
11212      8170
15981      6955
9690      6469
13341      1257
6927      3813
1185      621
14169      5764
5285      2246
9817      678
2029      2806
9755      8150
4497      5161
9939      1449
4959      7759
12811      5039
2838      1497
10380      298
14306      7532
7109      8085
16089      4752
15734      3611
11488      299
14590      3452
7360      4462
11032      3257
12124      4683
8850      1295
11286      2866
4050      513
4471      6714
10544      4813
6722      4285
12365      6442
11050      7860
7750      4582
2752      1623
15961      7727
1554      8137
5167      386
3320      7757
9479      6524
14049      4574
2823      937
8628      900
4515      907
10301      1088
3153      7280
12186      266
11740      4474
9160      6820
3253      4976
5571      6572
10841      4556
9781      1714
3071      4793
1840      2558
15849      6658
9361      7702
1396      4029
13348      4071
4475      5234
14719      1705
8901      3533
8100      2013
4177      4004
14100      2719
10913      564
2120      309
7990      7345
10672      5381
12581      3860
845      2693
14136      5352
12874      2168
13059      3327
839      4301
9465      1464
7221      3676
11108      4436
4485      2755
16182      458
12868      5520
2704      432
7695      741
9275      6405
14605      5217
6818      324
10055      8167
6378      6521
2841      2238
13592      3346
9200      6285
6840      1054
675      5551
10084      2091
10773      3265
7522      6904
5484      3961
15483      7527
8073      8122
3058      6861
3360      3140
15487      4915
2881      7968
8631      7075
7665      892
15001      2026
1022      2698
16172      3781
10508      2756
802      2789
2064      2509
13010      5695
16306      2512
15928      4276
7859      326
8638      3338
14461      3738
1877      2858
8255      456
3602      5980
6547      2610
7406      5438
9658      5084
13906      3668
11379      5512
13055      3360
4523      6124
8125      5777
12316      3735
9575      297
12093      6102
8680      1291
9224      5251
1596      7872
15544      3500
12406      4577
8843      480
2904      289
4578      6815
3984      3563
1821      7407
11702      3069
12340      1792
15948      1707
13444      7403
8503      6131
15768      7672
3103      6791
5476      243
7276      821
7595      439
7171      4153
11375      2290
8121      1692
9112      1114
12708      1452
7044      2770
9935      2566
6808      8097
15189      3626
7610      688
12741      1039
3678      7363
16239      401
11813      4238
4003      3675
13904      4754
774      4431
10009      7619
6939      3767
7196      1973
5882      5160
8140      3477
5879      6430
2683      5599
16076      2884
16326      4688
5172      1398
8552      2023
7687      3574
5105      1585
4833      6669
5299      3654
13563      7536
9020      2481
6057      6407
3993      3803
13567      5402
4765      2413
9888      1008
6395      7445
1805      5749
13538      2666
4617      6283
11462      4187
13316      2008
6512      1766
4069      1146
15558      2039
6336      4068
8276      1517
1101      6768
6985      4552
15535      7999
4136      2955
13174      4867
9502      7835
4433      8083
13708      1283
1364      2000
7176      3390
7991      4553
5248      8077
809      4847
6437      409
9807      1601
15335      457
11205      3723
7004      7592
8540      2867
8448      625
3514      2223
5724      7806
11490      5570
16319      8013
7837      5443
5638      5124
14603      3976
6929      569
6359      3429
780      1005
14852      5780
3076      968
8342      2446
9671      2556
7931      5246
14142      4618
12652      4815
6608      6017
16272      4113
11767      3146
11214      1474
15830      4227
15593      1687
15046      1990
8157      2295
9355      5146
2659      3089
3314      6421
5669      1120
3894      5773
8855      6162
13996      3124
6983      4387
8524      1089
6431      1208
7173      3082
533      2899
15351      7777
9052      4066
2453      3636
4842      4284
7820      868
8363      4341
13318      5065
11435      2361
3136      228
6856      5461
1425      2441
6478      7302
3727      2592
11629      5950
9791      2804
15820      6956
2931      1338
4654      6471
5007      6756
6246      1392
10037      6721
5182      497
4680      8045
6617      507
12241      5778
2001      3640
2305      5210
10211      7599
9170      669
16059      7327
6584      3353
10829      4916
10894      782
9901      3066
11686      7343
9042      3746
13456      631
4592      350
8806      2932
6227      3479
5505      4796
6137      4250
8930      5944
5271      5558
4694      729
12019      1353
8211      5893
8740      5784
6158      6886
7185      6201
7212      502
14616      6171
16087      2609
11667      4289
6201      2385
2317      5962
4109      6437
10424      1615
15824      6897
1038      591
15606      3666
5942      5999
11916      4594
6630      1754
12327      2017
9040      600
5464      3380
876      1276
3481      4772
5477      6620
3593      1737
15955      5857
10253      3610
14698      1395
2284      650
10501      7913
8282      246
5443      2444
14503      3268
13502      4729
11506      2134
1652      4060
14050      1878
1681      3187
13869      1169
6730      6892
7686      7832
13639      7863
16010      5258
13573      1388
15010      5023
3466      7437
3835      7738
14962      1501
699      5349
16054      2508
8902      6187
7001      5871
16240      1307
2129      7340
9627      6312
6413      6090
13265      3427
11795      4152
5614      3131
7692      6794
6414      1225
14977      6011
6747      610
15674      1882
14581      5159
3260      5195
11009      3794
2767      3592
11597      3945
14650      5008
8556      626
15701      1126
3629      369
15403      1843
10143      7005
1072      4854
1381      2489
10007      6489
12674      1905
2443      7617
9677      3718
7768      8109
13450      6294
14017      3335
15693      2447
12026      1194
12146      3958
5731      4070
13645      2814
9568      7591
8015      3176
10476      4009
12110      3625
9128      2342
4332      3815
13095      4500
13876      6863
5370      4655
5642      5056
8754      1579
6555      3615
4540      212
1573      1456
7470      4132
3060      6406
8904      5080
1149      4414
12429      6534
14683      4383
14765      6784
11366      5630
10256      4403
4669      4999
2718      223
13085      6319
9719      6116
9457      6836
8120      7669
8999      1106
14441      3029
2053      2340
2703      5112
2697      203
1759      6883
5912      3415
10979      7065
3276      3526
4076      411
13365      3903
14041      1461
13545      5180
15162      3058
13213      6667
1355      4731
8743      849
12576      2982
16034      1380
11588      2637
3730      7785
10681      785
15030      2967
2875      6510
1346      6125
1914      3348
6058      1904
15411      763
7846      274
16117      3923
2722      839
1131      2837
14439      1727
9620      6199
16088      4051
12982      8107
9872      3637
12871      3504
2556      4987
9274      5203
6264      7711
9159      1197
4727      1740
15956      7856
4242      6752
3985      7027
3250      2283
7635      5841
995      1399
8249      4154
3483      1230
1917      6759
629      6914
15967      798
7161      2823
15765      1379
8310      4522
1284      4936
15117      4992
950      385
9893      2268
9846      4219
12766      1867
9254      5490
13237      7786
15158      562
2026      5656
11339      3145
13275      8158
16031      5686
11830      280
1658      5278
13579      5239
4272      6873
3896      3138
15647      503
14226      7971
11265      2322
8382      1634
5806      582
16185      1083
11513      1445
14281      4821
12519      3352
6686      4850
4456      4348
14404      7994
2070      5414
1674      4393
16312      4902
12512      7666
2591      1993
11546      2807
9506      2135
3794      3413
2948      4294
4672      3524
1025      4641
5155      4137
1251      4894
7049      6899
6443      4475
15178      952
8707      4062
6891      2781
16251      5226
10496      1202
15376      239
10172      2233
13136      5942
2312      4670
14231      7590
6074      6771
940      1498
8202      5811
1395      5739
12276      6377
11964      6453
7067      7249
990      7802
782      1575
5770      2971
14566      6086
15808      2225
11241      6764
1294      1523
6719      5456
7880      3516
5485      3196
2468      7655
10441      3337
13001      1663
11515      222
14065      3950
14121      6051
7812      2702
9524      1587
1504      2779
12398      1976
4730      6514
11401      2476
9119      2808
590      3998
8206      915
1483      2289
6997      3255
7177      4984
10662      1794
15002      7034
2310      2855
9770      7051
14046      2792
12725      7972
15503      1402
9165      4075
5713      3784
9551      4781
9776      3096
7923      3199
10992      5575
4469      5459
12356      429
7277      5362
4034      5894
4767      2067
9048      6588
10090      1836
3193      5427
2174      5838
12171      6366
5499      6762
10714      7255
2682      7589
6558      227
767      7705
1575      7551
4100      5577
2472      2745
10031      6316
2039      1030
4227      4639
9871      1964
1086      7624
4143      231
10742      3824
3043      919
4615      3693
11478      7166
1367      1286
1897      6692
2326      5140
6550      3148
6345      5919
14678      5380
3974      6408
5029      1603
6582      5030
8260      1621
13748      2294
6746      5038
5561      7150
787      5024
4226      216
4130      1153
3960      1934
11372      2842
13433      4709
4019      6452
11317      5286
12208      308
11806      6216
8782      1519
1881      4346
13181      5500
10880      2490
926      2921
5891      3680
1946      7142
10415      2901
11829      4434
4023      8188
7452      6574
14951      5708
15226      2133
12114      4231
1539      1909
10907      4541
15064      2433
14591      3134
16349      5227
7984      1148
15630      5293
10394      4146
4525      2935
15025      3336
4649      4905
9558      3919
10715      1835
2024      7635
16359      6816
6535      7213
3640      4626
1129      6052
2730      6487
1124      4063
15517      7045
3983      2398
15229      482
7785      3971
14878      1997
10559      6333
8637      3892
5779      7962
9742      2646
8288      3361
1392      1510
12702      4648
13546      1838
4269      6929
2143      3545
12353      3113
12808      5021
8324      7996
11078      2878
