6
499978
765275
928870
696990
922620
176456
445665
659326
939882
405749
821789
731213
244128
1012742
52798
311266
591604
139720
531074
361482
740111
339157
580130
624357
497168
1044002
824945
713560
939730
256188
591064
429654
448284
102181
515523
827676
479998
348670
301763
785709
181758
717824
373309
320062
149877
381981
656088
410394
148754
267537
64750
605605
998621
1016910
923466
910834
593160
96310
706633
151381
878128
279374
953829
998267
1011879
312203
315638
243649
240916
682930
463365
582884
480984
362834
1001745
538783
901528
86600
279379
632244
98638
857742
1038959
182103
299033
859679
842416
272234
404508
819752
492514
687980
554228
1048310
177334
725246
470058
213321
790680
779163
571370
669327
941051
298271
297397
325253
757519
800335
491302
747720
514929
320353
990737
793460
332939
90844
1007496
280589
404836
107482
1020851
965486
388751
53699
834306
232336
573201
633165
71515
195469
174225
367768
53329
957531
650832
886284
615122
231622
53238
316562
134355
700968
978512
85765
51766
220623
760567
964127
687241
793532
1008235
196957
921858
1035675
396907
1022635
371724
71841
923083
570888
593271
1020745
602939
446965
1000544
382110
890103
643528
805468
639854
879118
390919
665261
304886
507150
935609
1014484
870513
753323
116562
966615
795349
802538
253704
287872
267662
759310
181926
295418
43251
939738
231947
293103
135673
887329
775844
735164
747784
749077
717802
634306
298273
969677
133003
204513
55887
219497
866982
1032085
922481
908782
548781
172364
129807
894720
903411
662577
936402
741849
91843
726553
203188
330730
539994
243005
899827
424352
249940
455825
93901
425177
632019
446933
240456
820030
548136
865243
736471
52087
576835
712186
212318
794325
741895
983506
866998
1027988
785845
571629
627540
588168
707650
428953
809126
384137
698948
826205
170398
863442
945365
773302
157581
491927
465136
783041
792687
772547
732905
561992
953132
399288
834324
150993
542277
88789
188549
781608
810708
1019412
419010
773260
465691
368096
701544
810578
513208
702786
462048
928891
418867
206528
553885
904391
748450
499381
49517
327763
504334
814665
120157
766730
256231
464223
89371
603563
249385
209028
840846
1031031
322212
443668
838702
448984
758876
290673
94458
569866
297540
386152
858818
156461
496633
99697
791803
249400
232211
637295
430646
609596
948709
486922
1030568
390914
363900
309003
569912
338024
575848
267640
799746
884356
207614
164244
890615
349893
687934
47548
717730
627089
280998
655708
718227
50067
150878
308128
805756
804914
726743
566831
328470
511339
480835
847865
429989
766721
173284
59820
185887
586931
436040
743192
203320
210045
915536
191258
873762
132537
456618
547590
646972
550491
437599
186070
197890
368504
896542
917452
267611
583522
359287
651282
229505
766393
509245
573884
404614
216280
867676
148194
290361
805030
384170
597805
1011772
70894
744270
734861
809739
314235
148872
420674
837771
658735
236490
400964
967593
153884
193498
950293
552794
717130
980165
393268
791135
71705
762723
239791
410037
483284
790827
367556
628092
146405
830568
944621
710782
1016422
443982
209426
695112
1037201
311493
706778
143772
863863
367107
453659
241624
888342
805497
538497
93305
654456
860547
328372
632052
596404
708550
149872
245817
75751
314465
598264
881534
364601
1010513
342317
1029280
597523
734065
114348
83213
912798
270380
461935
244405
868705
628313
887374
41705
402896
921858
419012
116515
907907
224348
466810
546254
617402
48357
93792
961153
498735
745116
743662
1000515
547196
218617
601253
469524
226288
369879
1003160
211844
674402
748730
1045570
1018116
53970
391723
239776
191548
642675
946778
672146
653504
612892
32299
344316
614663
1037461
447264
474619
1027461
740994
182668
786719
941692
727869
793960
153220
791245
336321
62228
285094
858843
753306
71122
277660
64417
155462
991165
745076
649398
362898
59836
336454
837812
269122
718210
117730
946084
605271
180624
761547
215056
300892
300788
998345
184321
266505
151087
514886
807380
154346
878385
354290
244295
676040
208251
431748
48483
217816
223919
917059
342332
385387
133080
369677
421114
1002884
705346
568637
830525
322397
677783
257217
259137
859218
72378
848288
826971
745758
947900
634335
614947
115934
1027607
715373
632480
846411
358890
464625
563748
998235
454933
399250
660485
306468
701340
758131
224742
183075
530667
541713
359002
873667
1008869
132528
329973
475303
504645
950265
444137
133064
817376
672134
962890
1003075
91001
395907
113069
1024859
830521
590106
112662
136760
104954
383653
767119
1005611
879141
279927
476952
314788
204748
416232
247660
694475
433678
449297
701798
686785
367674
757061
335057
681784
152350
762851
415655
1027913
321006
790699
55923
642236
681754
677796
170201
605665
588809
126619
384533
361547
207811
309353
913400
298845
718242
344576
381054
564436
112843
288983
817883
140981
580509
580792
613859
663202
471282
545615
960765
533201
819958
826483
276364
404234
966910
611448
430040
375035
380029
130148
642039
919110
151442
158228
625155
68652
240115
524970
498663
1045143
727702
409917
319741
826464
636076
379996
657162
750926
528374
258602
457030
450736
126645
801018
573326
42433
764513
555407
914422
853719
1039410
159942
572179
782681
350645
916801
157785
489780
676042
421867
279614
273719
769384
785787
540725
58563
172996
864229
105881
70493
579134
54792
558926
982501
194795
950699
865339
970375
180010
715331
364562
506504
627595
670443
701992
914035
676711
524672
59831
206154
694262
626634
135641
186069
215312
392804
88093
156663
525527
504845
251371
90600
53752
498375
462028
259282
171975
798705
651433
265250
696222
231449
969328
474914
36144
447752
411948
186862
944980
525015
310981
361953
405765
210792
736985
659941
711760
447600
986444
422727
260865
56790
510331
898196
834362
142001
540243
91272
885219
222342
967291
83697
123622
455818
481398
728427
834334
301476
780615
466348
546146
314237
356526
338189
782710
439502
461178
611130
771617
59600
580375
100428
70012
717776
548777
926274
281047
226817
823750
494934
344029
439657
520417
438901
939945
99161
382205
958965
905045
279037
217150
261256
500158
371866
562771
576764
795345
681477
351949
958515
253436
829811
99697
187700
562412
757444
879024
266308
963345
67953
866253
773715
865813
915600
120015
530709
657360
1011272
297777
117831
326956
925324
51862
658188
583914
460811
134377
34258
580851
53727
711013
687950
100988
443253
733007
657550
224326
191512
494758
674371
115937
299333
106342
204361
293112
986074
1047196
352210
528186
892870
354627
239939
194091
878372
928641
518818
668079
1009578
390462
424367
304920
238739
1029742
536138
646380
824880
966884
338231
622030
368225
51006
550958
702889
192391
247559
379740
433661
410385
977748
345939
705515
736428
1024819
855004
513982
888145
979840
405995
842068
501072
347110
572665
1040859
563535
297892
865262
346596
559836
643454
414876
47731
1002872
410281
580505
922006
654424
834323
743457
566618
44316
427348
72269
672996
205264
180703
758942
924118
94978
920316
756474
371842
939150
1017250
729024
382750
884476
505829
882344
946800
822250
609570
288285
311263
167219
702905
51371
677761
836173
177959
544225
1027623
117751
994404
811605
256536
547555
891723
584687
82463
613252
759444
635537
126632
794805
53609
139733
785713
549788
86060
953130
324275
234941
593742
902309
404817
438852
812822
328502
245106
91855
359296
385580
1024817
501063
616314
255008
546877
667111
959945
258935
567603
44795
46608
322503
925340
591903
458551
561869
393424
790533
131394
438965
371648
664330
544999
735136
412091
735265
315343
671375
257340
808263
318772
709917
684837
37455
986628
204775
546145
221835
71727
753760
327751
443380
835176
1011649
455020
196570
1044441
466662
784535
335270
371705
418270
474171
724895
678226
908049
462145
666476
211783
388367
900337
879635
992735
1019914
194413
942931
290684
344702
259286
884896
913693
755965
950260
209990
65940
357741
612542
512657
200504
289494
556364
389321
111573
495037
1026019
565394
578700
687516
887609
635900
121847
94868
365607
1040852
159041
525633
482896
897106
376913
977040
967274
492276
385647
424374
963124
367671
208922
763936
285359
149470
789403
350713
721705
677389
404822
667374
349438
747957
365234
133079
860829
1013329
245399
615542
131108
799731
755892
425193
403763
145047
99347
1029385
613283
1036028
733483
166586
99168
967104
653561
763833
647884
983516
600856
251677
150073
183317
280629
383131
680797
492014
316457
684814
537584
62208
900229
110598
1030310
886672
458467
729227
763934
419560
50427
278956
71257
658590
257920
96202
1031800
383001
194371
656395
254529
1040293
901253
567361
580814
383670
446954
717024
915002
171332
397094
530731
504665
305113
871714
1021120
472381
528262
255315
115301
281005
675880
671803
986265
889860
667054
748460
653513
147931
600668
849350
575839
650817
879686
257322
786290
231940
712176
936224
465139
458982
574733
153275
389333
1011127
1024594
208398
1024002
372117
276323
182128
126486
1047024
90867
415823
428980
458312
845573
607189
299416
439628
354312
62747
368615
1010511
464047
1007517
708914
925515
678238
387532
171661
212306
891735
810155
1022642
927195
612814
627586
627877
190588
785807
557786
701093
833895
546621
809745
350536
55896
248201
718416
292409
337394
1035614
368699
247175
314008
194383
430871
408852
820276
1032306
754201
983784
477658
429749
607209
972752
366709
220945
172399
468262
755181
380215
740135
732163
883740
734175
451822
394917
927609
112622
1003143
170429
617834
185898
131110
884513
338243
819859
75748
123458
528137
816049
768746
901566
586480
177732
899499
338994
698382
564849
237546
99653
563689
967061
881581
222091
313207
407598
809491
638466
520793
358584
621637
391579
805446
536198
120157
913950
944031
757075
417480
203714
753112
820574
306844
585389
438885
1029753
504207
113083
140513
897094
490183
788292
202772
429296
768689
177432
645409
644213
506520
111602
53702
426532
700867
891944
146078
514337
815245
595851
741304
498938
831147
383027
947403
172232
762249
372958
559397
418272
924066
117705
220529
933669
521548
851614
845289
528366
948011
496608
638731
501399
525473
1005342
657272
930796
909188
926809
625309
209074
38700
704683
1021543
81001
963387
409159
834863
767895
270673
181654
405747
543010
302647
1007466
991225
684286
592300
1021243
905092
299428
368557
384773
856518
422955
685967
570336
991046
407608
344571
303826
763325
663259
864184
34171
712316
608312
879626
80070
156374
688166
394162
190696
141765
829811
868609
84021
681430
458536
172521
310024
138883
259215
551994
483740
228869
586295
249927
506541
315136
948044
904293
736128
445780
852231
381068
668067
312076
549083
884485
89303
663926
718078
430894
91720
88396
402412
226263
140204
242708
846439
725437
275563
735676
107600
63418
405579
771636
554029
47540
636943
633672
810736
331685
1024009
602508
928854
288250
405524
446536
635960
642570
57011
847180
910241
380883
459840
741161
838905
520523
110597
62451
1008993
1032859
37093
268247
455331
71582
184415
360821
510377
340398
534305
170198
645413
922462
713588
796996
641854
494663
1000192
258878
361339
452087
987780
37338
749234
993105
988958
49391
148102
596717
987168
669004
126798
64321
945967
398446
470618
1011077
50192
194377
579108
375895
880894
619718
730261
818493
330787
392465
360862
270589
395727
641270
860818
86148
133015
752868
338212
167549
964033
1039015
783221
961928
905646
152585
251368
271511
633777
232285
852743
159651
113197
937368
204353
514292
701079
407829
523969
745765
526709
567480
335923
268691
533593
563750
734356
87932
832653
562257
670441
305998
1033438
795789
354560
528649
239006
135633
426447
62324
839319
802374
806754
795113
711766
559355
429050
562557
996460
959413
124282
40287
614784
421223
304662
71476
508599
166357
911294
960391
210420
245460
669324
177289
300892
299746
427068
978218
741681
84555
466350
552306
592827
388796
478212
452046
66438
619114
153842
434440
310254
471011
814699
463400
829153
359012
152368
223924
82971
107619
847668
309016
950161
755914
913714
141842
56123
156364
128386
264772
708071
301296
753019
586051
149653
717046
632340
749060
111568
708262
507102
372514
459754
862976
929764
164240
1040361
1016992
425251
174777
683078
839810
368253
65403
702160
335053
296666
310408
60190
144304
349001
121228
975166
932308
236941
729688
977467
588202
613532
854531
56264
533337
113600
361123
289766
309917
148498
869918
176147
687726
312126
592817
51357
317423
241280
864164
277251
279014
134106
697245
800540
767917
687905
293882
492990
868435
238764
998260
365470
801028
920281
715365
437536
345757
383444
318329
989361
425945
103024
796740
900217
904299
330647
977456
520901
882579
122265
379448
874563
567666
503309
609538
354254
930639
143790
286063
346855
653968
712505
267378
157874
344091
852028
368515
562022
74515
811678
996846
741806
427947
179340
103621
619379
786734
608146
689258
179684
194704
589658
543647
433670
466672
735620
316750
123482
520269
367826
90840
944675
742258
725607
276407
329956
203180
298392
945404
515323
510785
57418
62255
724936
208906
151372
387487
318694
715363
664939
114713
97314
853836
280656
110103
972978
570761
171684
905377
884594
696964
895947
422702
212147
219969
299689
231598
69724
839683
602045
148341
445743
271533
558644
873920
724342
702821
310438
859381
879650
684279
639822
584211
840734
150870
659951
1027914
666056
677554
637379
507427
865975
1016315
823324
68662
414886
909126
968083
216348
330353
35531
56827
98621
938188
719424
895779
56262
75563
721847
1016435
752833
632605
318284
35298
682913
597016
333487
693056
279575
642076
491992
632635
773273
580831
323371
442107
102506
552565
879942
964378
249958
948624
806726
488643
760795
713909
342942
561041
522070
465667
100480
233006
837014
960861
229558
303169
529449
255347
92451
562893
223509
344687
361522
368106
713389
165638
472811
539027
832085
317403
749991
84583
814701
1011841
249167
767884
648014
962903
126394
526791
672429
217043
253502
708888
902744
780637
108751
791119
171163
884554
666074
344078
142161
933798
417509
76531
540599
393321
1029166
165833
879732
351043
923112
1023227
237854
821485
864219
299742
471776
543480
569709
856087
857522
972122
259520
975140
687877
75572
861237
913200
100789
392393
708567
201082
62442
79613
419293
757818
358418
1003245
1024821
195461
226869
86053
376489
540285
646385
978413
785389
784320
507097
1043629
430161
49155
834619
169846
845310
1040298
205493
758048
265253
718329
618597
304670
933196
167910
1009565
613850
933818
591058
937484
60516
536194
911744
960157
822100
362940
500632
234929
418289
845271
531620
821483
371872
757595
851994
111096
113073
781324
931759
68625
850347
519760
732907
326650
794365
840758
960901
893214
1026501
888149
880543
1035869
913606
133058
642385
884407
1035099
408832
611846
807779
636427
353253
587322
863219
1024443
328479
890196
228713
872483
632782
354040
294446
856330
887324
82856
184082
1010905
584065
83511
47186
288762
979084
602474
906213
884251
208896
613049
264936
88412
926802
622019
237556
580121
795693
717157
896516
507183
379371
884416
502440
677381
375919
964438
153854
829786
743221
806962
80630
368605
688157
575841
702880
809325
204648
866782
337993
466998
671645
244686
748608
788266
969731
71260
514345
732890
745786
681445
823304
170472
573245
320062
198950
777276
965827
928479
834160
896818
567464
555563
481926
406357
626236
860829
1032265
893875
167242
852686
185766
642099
316051
134118
715356
144887
73575
670419
410467
804591
417759
810595
917071
944625
279047
859657
874247
638164
371599
741788
181905
931117
707699
678245
835559
588278
247390
126639
208431
276744
89311
294433
655819
200701
352558
218115
312427
480823
47150
727219
779310
79578
192963
350392
77289
607783
944912
194154
210686
763570
372478
783913
808032
1011527
856826
320482
562466
233330
944004
95062
426476
820849
958471
883668
942275
457775
447288
593257
306873
148903
657001
366811
712450
866288
963258
396909
1017093
948638
189369
340620
295286
764603
394001
741897
477396
231996
424375
915081
623078
372155
991297
208196
81992
857742
290645
815355
389330
570360
151067
312877
275889
483755
367107
145567
75758
296646
237827
426995
167274
278924
810584
847368
757117
82060
857794
356485
664034
315353
638756
718218
234900
694209
607191
136737
462322
394941
1009715
862129
269127
157577
634036
685433
656893
994875
537293
333490
877909
387381
609189
792107
966596
177312
945836
170216
466315
427961
190590
522009
387143
753500
724826
672306
964609
150232
726588
581181
892586
486264
392362
768522
500114
820599
360501
354315
198626
590540
292338
234792
960739
1009623
794304
105761
814767
448129
494775
559314
138955
806745
639959
836601
410505
472309
835713
322348
367644
315333
354520
744198
226878
664034
168464
94400
264250
913946
122298
967180
100759
819963
641821
456636
735660
858451
35944
424396
509089
298650
614817
576332
93678
767276
220920
832745
723255
718313
580812
528334
782886
533049
613305
713904
1014707
223691
73763
690798
150268
712186
162066
674309
983815
70366
565714
462278
552202
854727
853510
157983
430594
900556
685376
920694
880852
130865
811986
34414
545570
124713
237621
40301
788399
490182
973867
65195
756620
548946
446640
437192
454966
631783
229869
884959
404702
870851
669942
76883
934756
328346
245818
983100
55548
584210
734742
128428
42767
681746
331685
1046986
225720
371670
351872
628050
914370
617843
865008
180609
524672
819990
619114
747167
785238
575861
237536
210429
888141
1023815
857472
864175
559172
212859
724308
428638
235407
598054
610872
183346
515314
672008
640421
213547
229916
877373
646409
461016
194576
553918
897103
150135
915539
292501
1013343
270488
338092
949798
469542
351938
367617
381081
918701
1032920
557829
623521
522163
896817
170163
973007
958605
699750
62150
791113
882331
548203
978505
84007
987510
257264
790865
964365
552295
162058
277252
869164
79870
415050
474460
103663
285083
743825
888926
553047
112948
145742
55514
547274
473753
385307
751914
40685
857498
1045034
666888
1013355
974001
563655
49459
579362
451685
879978
278217
853757
271494
464256
52064
1028887
594786
494765
428121
410956
477396
562522
563694
82988
430635
324753
465995
766743
460839
956865
878659
866494
129814
51854
34371
139769
275560
845594
482383
412008
210395
415918
192455
492214
933787
1029168
532042
495489
413465
423503
608487
121135
459869
873126
950224
275238
914567
563985
538522
64761
257338
137359
242841
69799
452317
253899
765566
1027925
429700
449670
1033481
486909
532093
413469
376533
483147
805440
691028
173287
935880
103791
600650
902349
72391
486936
279011
949877
122738
457773
855627
951141
740434
694699
249787
64737
829143
893654
875517
985469
689074
82511
948727
682100
952567
50423
517412
229078
216128
311259
343636
947901
236106
1043145
100468
977610
415197
509116
453660
891707
612692
949783
830864
500715
225582
746059
589889
562602
786266
65616
269177
451828
360177
959466
100451
850018
627865
736429
718691
525494
1015134
62673
859848
657383
671662
339183
987601
136577
979607
1026831
377039
140333
223207
508559
884402
827740
422405
784364
408168
367791
802316
324349
970626
511005
593893
388113
725594
419354
570327
449676
360172
434393
970514
42812
686490
349008
405576
627074
225738
1036386
925833
682915
203185
695140
210722
429714
353749
344896
473520
240161
143784
640815
412285
427322
944145
683638
1035792
565820
555924
904265
379341
373446
775046
223818
574530
625150
1012250
983771
281055
1022815
208945
248202
360172
1040320
87077
213944
68641
756629
586692
519515
798663
547631
59271
316472
469597
818454
774828
1019984
590564
681753
102935
994873
346576
541725
384170
59802
140495
990931
598930
269177
54821
280385
902317
978984
541726
299031
418834
870507
796767
324532
470592
911288
44953
547745
446233
32602
388841
349899
331305
926374
765875
370488
875469
234343
150253
512051
258603
311160
901817
533228
743220
918030
741791
581300
556556
502542
772247
125955
640617
811982
312837
141185
595564
913711
886868
661173
850528
736870
653404
55624
337522
605604
530649
745387
779918
677784
522169
688512
494675
86602
113416
418862
302785
737640
579117
544192
288196
528295
1039369
374879
403595
229862
752850
878119
859988
500362
88494
790213
1013131
710471
368090
828757
401641
991928
520524
984391
944910
901590
656209
1002307
435118
645120
545541
734345
918126
584069
212373
967268
568980
194799
946673
56818
291681
134045
133896
667094
596715
948047
783897
433724
461029
63373
835033
733815
635211
289610
603608
558649
195845
322028
306355
367870
116695
225741
924070
314804
292297
409478
684848
1027980
363681
980277
575056
555315
755841
489758
533919
936208
1031531
309925
409252
187996
100954
399244
516125
636036
418792
172024
606309
552266
533193
464473
657540
207837
236484
638781
519001
311250
959481
164923
86640
820052
214841
46097
1027253
849154
263427
596773
897155
287858
362498
977325
584010
600205
1013338
562072
849865
586467
234357
57436
869710
500650
660663
859861
369873
150078
571385
171500
172521
862981
780544
297676
81737
61897
422882
259307
1044865
895938
940131
106353
580766
458951
307992
315097
543210
1023236
902524
413299
882620
426499
1030495
572369
650818
865113
538793
646426
60533
302237
580754
733456
867668
834150
279072
195091
807254
767483
991042
722453
92957
793705
668595
956299
907938
611447
603551
444014
958488
956292
424240
293011
608812
916858
458392
518321
866939
410554
297503
733913
93998
658737
948631
1003200
793973
891748
437210
79593
295235
154674
166258
896274
862080
451675
774161
170395
292226
267596
875693
238533
795343
165319
857822
591082
135445
224958
292290
843186
376283
240029
222912
636968
157639
893786
915005
274391
919111
581554
837007
851718
103353
802536
937363
62393
198630
867222
603535
791270
509488
943369
481439
936443
638332
71113
829002
582638
376657
710974
406704
659855
267153
289851
823585
357236
530083
1007425
247386
241060
82855
351201
535291
987894
832103
163311
802864
1031598
248159
340639
317069
177747
436239
608175
731855
427774
855619
292326
987886
664074
50385
318639
373298
310717
494216
384529
981936
636033
645560
556006
425220
744632
828995
584194
1027962
86151
76096
863178
488465
191492
353252
601833
755962
206289
507162
467830
246680
594723
185870
758729
256173
655823
407813
896158
276382
533996
539702
821462
304960
64415
706458
57272
443331
299400
642109
452247
1006816
991767
1021180
442424
733783
502492
452984
442939
325268
233171
829998
371421
419556
778433
905205
49482
599161
572663
412438
777680
253524
838265
213469
136837
385547
432989
674145
85417
834143
64355
536253
116583
456784
267820
340173
562386
132777
884269
784059
655989
992199
588480
338444
43241
107151
611898
108792
868612
565182
219435
683438
922862
1015110
308124
658571
394888
782241
785269
316589
584724
602538
540810
244718
188329
529149
852282
1029394
360449
626114
85399
260460
526681
573027
87354
903340
835533
267996
71159
926306
592441
94066
890058
1032412
793690
830247
475301
558927
380000
146509
426434
567464
358988
273765
573646
597793
513509
681208
839704
202807
901615
379362
573041
90001
905122
515560
358228
47154
151378
791458
363807
967333
516951
896561
955250
361822
1044871
671796
76080
254983
1045026
822133
534272
880854
393409
243696
660665
284386
939765
112764
514301
657163
725594
443001
481477
404954
709487
786269
1035190
785024
314794
865108
655813
647922
1018763
720353
753288
446922
552296
744234
225476
195860
890256
984096
407842
106298
242957
896814
575943
52043
930059
581400
494997
834356
395749
496618
581984
102300
680876
86196
608284
113175
987521
104696
1003427
44501
474220
805185
153806
1021950
551249
732892
901540
426528
417075
244379
177924
119670
60725
295306
1031536
266312
385292
143388
960573
598797
297729
120445
644190
942066
86064
483167
64830
272120
71234
148749
48480
633803
772573
1005892
620993
298404
403636
493413
329981
246564
458529
770276
902424
791766
733916
348618
107511
36134
729722
599146
990710
640125
415536
711168
1003637
87516
987558
177272
525212
593560
846447
446962
736883
389174
183937
935594
113454
424229
843590
619980
758089
1038804
248168
524397
372439
561018
519780
879148
944645
468231
106307
942784
179222
133133
911497
93270
769664
70910
728501
847850
756400
959955
849361
279597
607776
507867
481506
745360
754238
357201
477364
780117
815247
148890
225726
338959
513512
537283
729694
136845
669089
292383
273731
178358
223054
652871
891692
499380
519727
265341
264659
457051
56493
87538
173004
165004
895973
292398
683609
705382
221866
514023
926790
641938
546730
314721
870043
544249
415835
443221
404071
589524
662921
596017
891686
478281
662915
533991
369994
695165
607174
264753
973531
944618
962579
859871
960542
372424
214897
962057
1041296
830888
590141
791001
913990
331515
440307
918315
161300
207877
936210
976866
518548
480981
100768
752861
410221
511425
1020370
1027058
781612
822304
589527
681196
805472
637267
263446
406114
1020380
1033007
1011733
98475
456786
802859
218051
502199
593864
868045
698467
431755
782635
348662
463120
975208
304336
114727
223651
524002
539069
906071
405802
433006
463657
1002897
87539
793936
486327
292253
257949
96305
331292
593743
307497
285237
394492
1024422
328348
597399
546572
292495
746051
223070
946147
822080
631810
426988
37319
393246
868330
218135
628060
572046
54799
1030778
662476
159578
51369
1008967
110324
681741
98676
253651
355892
1029611
633792
884869
157692
711508
836212
977637
113177
476941
473528
49548
458327
627106
44498
181636
863077
1007460
575854
986241
850553
851253
68580
248812
584024
849662
772106
382780
416483
361959
128403
570556
758040
633755
958471
772272
166318
859694
617148
514895
852369
89445
325208
930614
983873
617393
888328
861708
36108
191270
300802
741843
518842
838659
946331
943052
101535
965828
335250
495025
331161
89384
665232
592385
725786
580844
977662
878092
190720
677678
738081
921412
493866
284599
764675
359439
49100
81789
1017768
352053
284326
1002907
872030
425945
880820
897271
154307
528275
480964
388393
728307
819425
733484
473816
765851
909780
49196
556387
1028502
300905
697348
741149
631833
239667
832124
1029730
642578
970668
974690
431312
1026514
961852
926101
718603
665116
565427
629073
478119
683011
219399
254323
685739
517866
44738
422943
767880
249271
144751
608355
524020
316459
661214
866232
785702
927579
647480
827735
677524
697278
1048268
279462
382796
456791
680425
864626
1009655
288710
775449
666968
91835
266735
857794
896664
642181
946664
915825
359009
37100
139125
877426
589750
283397
811261
952250
591903
746697
830185
499538
754908
591894
934563
698196
66884
205438
900566
516706
865113
222409
64900
144685
643704
832753
892797
359841
755159
403678
631165
307585
398578
290171
257838
816149
56706
853535
554206
749226
56066
942323
949404
911768
233227
1040110
734630
812875
702701
130015
614431
171045
318541
66471
314703
669054
690602
638349
941253
948538
985178
211991
80342
635541
256997
829151
50981
59620
469128
977180
727452
71461
589642
444940
793688
850332
763116
589549
223511
572166
599223
373441
906854
430862
184049
612100
717568
552657
573213
487383
525536
599652
543272
258191
924054
642682
106615
717864
915614
169869
331294
406104
46968
492328
110595
809033
670449
62769
493824
851352
530773
830239
889099
154347
65406
322614
871238
459002
126519
276756
573857
394399
888331
240173
410129
567453
229975
941040
1035973
529673
603283
981725
335885
446873
633720
298366
180618
305131
618602
57118
53981
829151
188342
964369
850539
415483
840986
149463
659246
551978
838874
62400
84804
901174
530433
726761
993167
348559
100821
50944
566777
390974
409235
60729
448131
762279
829260
796030
438801
370492
845579
567598
92971
379358
1027482
284995
534296
371111
805014
340394
1019908
275187
221239
405980
152359
395927
196924
665417
602880
783210
872898
517612
677804
586369
589746
1047129
584698
778945
528700
635640
343731
567892
525653
542999
307650
110316
902381
289817
133100
455324
977154
37459
645122
641262
528686
887394
878453
1010513
481488
443229
148519
236113
159456
758126
1008833
664040
207808
948353
463567
1037120
137877
847838
535253
165589
507092
416818
492536
633998
297900
431204
443657
727153
155336
722570
808286
997011
638057
488380
302749
132512
1001793
752875
400408
165842
656949
146097
284100
747718
139730
157218
778456
516706
749988
374845
939758
128688
564786
707688
760787
994252
479665
164102
292253
832962
402905
496030
736153
498418
543455
586621
543694
360891
128712
251336
1020001
516130
572049
614215
655793
311519
55916
331257
977469
721984
323355
65767
846439
628774
352329
1037450
334852
260921
147984
953090
678729
991050
60700
518581
599662
756401
136751
64944
300924
496455
513159
840875
879672
264218
819749
63754
580538
407136
335318
810733
960396
267532
57464
165585
906836
858486
141859
452640
560392
309797
977432
407323
568961
590504
162515
455001
473523
800342
700706
61918
94075
553997
625079
389179
750953
906219
824847
253393
323332
195108
525644
554034
994273
664936
719471
126644
122265
50379
963248
950159
767908
745368
581507
913921
311519
739290
93793
777705
912214
540097
914645
240432
928888
547326
290238
840960
991307
34260
991101
545298
824118
358853
775478
1045143
461948
734740
851660
944578
451773
154474
405711
983517
213758
182692
713349
140950
156640
638610
661128
58597
917117
335960
724344
298894
86040
98674
181346
874048
239040
471003
321752
344510
348364
717713
801268
724186
258986
277114
556551
387737
332929
414662
483162
938878
544232
140955
705483
257018
452261
345833
517436
669067
56050
101513
452494
103641
950572
670766
791264
321375
1016967
251465
466321
53285
612940
914575
603472
662572
474911
911803
794519
200762
443375
463626
991443
393304
892129
137766
98467
90472
733018
590580
89937
696235
272213
240028
828919
183087
862396
855414
390881
421287
1009008
114994
94873
1045568
962575
315164
37074
716623
783404
978577
331070
195851
351224
320331
288977
568794
982716
411986
667364
950150
706627
568723
193639
86201
871691
185209
847176
975109
905606
1019285
853886
116692
648184
704655
734773
955538
358582
401613
564804
447794
244366
523096
762863
745747
658219
659208
296855
188322
316227
465708
677896
128688
530656
289755
505792
1001906
82871
335905
458532
689048
99357
901174
565755
802370
824588
873718
453164
866961
762914
191283
173111
339182
404526
486290
768644
911138
735625
1000787
624369
625539
343877
442065
60832
926785
389324
492256
463639
176688
447264
567830
399787
457733
833232
551738
830891
812989
939830
408930
597038
529109
259092
620283
795654
386478
962989
900551
330363
383311
840864
40011
520901
686844
752343
564176
783105
894781
884250
420156
869927
318657
412012
563501
451921
39859
537924
460218
996485
359236
967699
412384
304952
353701
226264
931759
88267
802322
548471
857761
206587
543220
239759
83912
366692
830574
720093
264203
785322
727464
920403
768706
586566
246551
585041
318595
315145
922826
272035
138988
930779
202814
595815
602894
340408
328212
618573
406312
410982
902286
136310
871813
316550
503001
337376
646192
1022620
685746
210100
49492
480885
623479
154490
1039378
353248
985433
239024
296341
574441
973597
458991
578690
485303
1026510
560371
974489
528266
711016
824881
685667
484826
457383
799765
1027965
567206
266312
746087
625634
593022
210188
43793
775834
618997
525019
347325
971383
87352
329441
208025
160588
658169
130134
794016
371774
785829
875664
102188
886669
560301
391691
499557
599041
879713
632617
988033
494648
190667
267356
178306
90567
297508
70745
525632
980594
209677
336342
190462
199500
855351
794200
886825
390901
682587
638173
49579
974082
843192
480799
918656
157857
568782
181179
503181
217833
78907
827709
573520
348888
144708
586373
544087
833915
539040
683845
599082
298985
412445
659268
829994
423402
871852
871816
1013146
429604
237588
687946
697265
631353
132512
322031
231075
258177
642170
816678
598767
206279
682424
510360
567599
113390
865320
215405
219517
245415
614242
122723
933678
637252
315624
239755
278969
167219
721824
570757
515143
283988
183978
877830
767655
144897
123651
618958
924234
391895
115322
404936
638643
498150
913605
414628
451165
847673
908280
378413
168811
808040
140755
936222
835720
800783
511380
1036404
949777
891228
408130
106273
153653
204773
574107
817803
459774
1019761
660776
345966
966402
662960
93905
52509
196411
775991
562294
157213
359284
302297
1029586
824081
799702
521570
85009
711212
690571
282473
973568
649277
865984
489786
724812
612962
1008857
238539
940061
958140
601951
257328
336687
562756
516151
477014
258612
254193
102020
391208
125826
282892
747141
691077
95026
301267
331997
625026
295900
835015
1017137
429578
569899
211863
225507
589630
956747
989566
459874
69808
174082
805734
616133
269163
998638
999155
276428
909765
811382
520229
116571
210684
961647
369908
750141
82981
953575
767134
758900
996811
955450
575364
53753
753786
119011
836231
642564
517602
436033
160834
383674
398139
742449
172619
960160
974152
845650
645790
443219
186938
1028410
365490
56007
453679
148266
276163
706070
666950
110166
700972
913698
927569
227710
748929
458312
871302
783097
771645
996041
166535
655838
915545
193605
74939
1026029
213777
842076
737603
150032
790570
591547
831769
829797
489395
552772
386465
985153
612950
805463
573024
359414
1027985
849170
1045931
399254
481783
507589
1017093
293414
353686
792754
1033420
660532
347130
129838
944336
509004
975541
472820
914686
736693
208666
888581
713699
446614
395669
268403
774843
987645
607792
445393
378318
159839
349113
454241
926365
253353
35538
299029
738073
693871
394483
212556
371976
98661
85812
805238
834193
284868
1006376
471805
76349
312444
141590
56004
850296
547295
815251
138969
923636
113616
292338
1022633
574747
599690
410963
773255
970158
658716
930066
473779
643344
745143
278970
451834
985167
967190
459151
785346
212010
523179
1031955
66124
585396
240068
865800
667090
777221
344570
980183
598956
937149
1016418
649278
911863
877295
608100
333461
487490
331864
283984
701623
790836
949350
698426
232226
274399
257958
392428
177958
908237
80327
540120
141601
172132
510364
417494
347026
769359
82743
240052
295920
633784
483287
293883
832713
636051
217145
504232
516932
429329
463613
398258
753774
686024
1030538
512001
817362
535567
974175
458468
510993
312439
780769
914596
924072
463362
586843
327221
617138
123633
290171
823796
364265
1026867
601291
765552
519694
603303
410949
528339
388800
600659
419272
602530
348550
245492
352515
693836
590123
979892
953301
517588
921866
550930
949061
809850
56503
115549
812950
369591
842898
119644
883668
99390
300900
778996
237142
669916
173312
370479
340366
1016710
452982
370499
147873
809317
348901
848964
903334
586615
107509
794500
71474
751916
463051
369013
830213
186718
706654
956422
551194
729264
904300
749049
338293
530781
957851
167285
564481
343742
845946
568997
680238
409335
562978
683148
466792
657211
741871
748964
271268
913678
626211
185868
524388
953581
480891
687837
396244
880566
39824
765871
257085
689032
104224
421711
437804
971969
280990
257072
244116
769375
1003118
710712
82000
939957
394160
419542
427728
847640
666570
210801
943361
275203
656123
47585
585360
678748
276797
363134
299010
967210
314777
409502
1007518
922457
133084
442394
173114
430074
1005200
1044034
83227
223710
371441
232867
377040
855139
960524
176147
638648
488973
979892
372142
971844
562466
396929
836977
573314
879473
761833
961636
499552
961634
165385
465685
155487
565141
100937
212414
507882
271261
854149
430151
420251
430775
117005
643581
116704
541338
601555
892074
683534
100353
74115
86880
352352
868696
501580
653675
464598
165035
771001
318609
585031
364805
65749
521993
486255
149877
111561
600859
540114
685710
614415
991813
768663
92490
567833
213932
667138
786934
869726
965877
436359
312123
964098
424246
683401
455024
687673
691069
176294
836577
192862
317469
936954
322033
129811
508580
819923
743208
154359
651047
707744
522521
620171
36906
354076
481966
186903
321751
703520
801192
745455
918668
141803
690134
804882
98976
330707
176267
307405
460879
43200
327198
369994
56038
582781
322717
468250
1018031
310429
121127
974275
538526
680445
445748
113949
515313
150976
574450
785733
550771
446566
73452
409720
91207
583457
212355
785074
697016
802507
816698
990318
35652
559420
267125
961613
391233
284598
367155
642121
423107
793958
840079
955493
219399
785714
945495
273708
54798
89998
1003624
85033
485260
603862
49423
833910
678219
562451
1000883
683871
729703
828794
900337
206166
850703
801347
811196
590174
277644
205127
156371
1007016
837466
456120
151157
772231
770857
926363
923495
370010
1008981
1006377
687370
1005338
184059
795374
366047
1035180
220881
391877
652922
34147
448267
422656
147884
320356
551861
567764
639253
404242
788299
961951
203732
186721
560046
222441
733038
316558
562568
691497
516773
672054
689497
501273
483123
912188
948647
258920
503781
444063
708012
575741
990997
163282
367574
637393
971399
98580
422865
961166
787991
593156
544228
248633
82995
247580
978593
357178
738080
293842
375878
705648
489772
562988
950705
353859
167489
473991
368689
687852
89239
302213
1000096
467821
917516
135031
48164
352350
664043
893197
430017
909733
495189
1041318
365674
921899
185884
562936
79598
645116
734054
585035
858331
299034
489777
292262
513203
213362
115317
123596
910254
482398
798822
426246
940155
700366
56118
49386
244350
566551
221478
349407
146374
268257
253547
865112
973538
974817
430734
328346
264935
663723
983040
802798
1004374
289324
520130
370518
93919
266499
698978
55521
268241
379914
355433
1011688
899659
495022
912164
170374
756447
112630
1013312
633768
357379
185767
766723
668070
540109
516530
465107
975044
566635
1021477
904717
453132
345759
899213
85774
780666
336669
248627
683242
902899
216329
732266
953792
403000
453664
882170
592777
120154
411848
615044
923100
286053
307360
602521
84850
652926
892786
838871
1022804
612123
682411
117856
552541
666457
829984
272055
966235
68661
1039412
412035
912153
516768
917095
372796
812996
437935
718383
359267
598921
166125
498905
991205
264320
328682
467241
262999
719979
509198
98476
174091
1020706
1023263
171146
306651
979131
398588
566765
677380
376318
830559
408858
483177
492266
704661
260674
862853
792731
567412
172001
601719
356376
894063
987478
810160
576737
51769
959043
491836
622362
952514
34034
788413
766376
365743
226819
600039
348633
1029598
1003594
552257
722011
898981
216989
150858
812917
571537
611987
480818
205122
674375
920072
1045724
71687
1005904
361286
53883
808267
350272
571523
219420
348374
466654
967546
875877
323120
980475
483162
118361
415952
261295
402358
830200
244362
708262
338944
496580
761838
790269
697648
943074
272076
1005209
306100
621317
241690
436250
602522
790802
59590
178221
212730
537689
811667
954067
998840
91810
132500
430889
757292
189323
699613
822230
496498
805977
464032
331070
745784
396870
595884
798475
484814
420134
532647
119912
786299
213785
174742
947405
469591
706050
391724
421715
267797
1014382
581745
275238
969701
734368
526173
944991
157690
469613
301544
257433
771424
298421
201368
408751
681185
946671
699602
255057
940130
625091
840310
323092
502171
878081
748987
605822
531314
494757
786748
84666
944685
699438
458366
580853
679533
311132
452569
309012
181873
442995
646826
523078
655717
367658
240507
862910
805964
454246
1013352
149863
180628
295096
447093
171487
866269
849361
165828
555302
502144
868041
145586
343905
135026
231943
885667
801008
986353
340835
236147
905100
566610
120409
691121
612924
689040
779243
516813
101310
975060
732889
173555
633197
307634
150986
283729
854199
458353
354100
40016
780116
834612
956323
490184
634045
838695
996819
661152
583484
237842
240183
680861
694658
157822
275246
738791
211185
410493
861084
531637
549091
992240
128116
232375
837026
543034
905193
413256
258915
882338
900181
452564
400741
344470
284184
83931
616360
960176
299867
781967
899182
431380
518302
223043
991455
706064
125678
120760
897268
248210
364827
116549
628339
879134
680732
288905
76147
560289
797175
675792
1036103
531852
680900
111046
583635
422404
945473
569007
976828
347651
1031418
255072
95014
753533
918115
75891
487533
765533
507649
497576
805047
944640
956787
540396
570044
424198
297401
786722
920034
925243
682605
299054
798509
905738
34414
57155
38813
723550
830191
851197
233205
49120
391908
1003149
888608
924941
569719
165285
783174
132755
265183
588890
267094
552521
51134
869168
880520
427299
812176
63347
680759
564218
791482
336342
995534
626036
823356
562277
689219
680597
233269
915575
171987
987625
698378
947411
791450
357874
304747
289429
1021230
908260
267990
670776
86073
546906
415058
80298
571561
892040
513198
813238
718247
317661
264750
845962
920504
196934
911287
360998
473740
588254
506770
312387
545755
575406
760804
114322
1031371
258140
364832
947985
754902
417509
91283
581308
343564
305275
974180
67670
763274
446921
578726
809079
608265
532069
356603
614846
1025741
947933
1025967
189693
453875
645398
794233
139095
636462
460271
196027
915076
791162
396908
1015136
649092
597005
329869
85818
594165
802822
913542
983864
456768
348669
506809
337364
460218
345063
44930
375568
691825
376229
452505
109193
908046
463387
394444
212910
615735
563514
336483
384815
801244
950533
273755
822241
590129
278923
193636
967193
522529
173316
116869
889144
875871
219440
344062
240286
520497
535926
998007
491286
176348
441329
1039411
757809
924094
106305
96230
148224
102954
964101
582605
819394
323017
114954
613197
1035943
288705
670502
784034
238728
975180
648740
461950
228278
73492
240464
892128
337503
639751
571365
941641
304698
104100
98942
502518
870503
430732
704945
728366
1008369
1012515
1029411
851986
57128
979240
222827
521051
80633
950661
921861
269307
465211
648054
137811
498389
623591
620037
284406
333450
1013356
588269
428640
408123
991173
461009
965881
875125
895061
163297
593554
941290
137385
460484
428098
298430
876155
64388
582450
277556
297789
378434
42897
586219
68899
284172
356606
711534
613600
732169
210746
443346
998003
76882
810581
989534
606284
480970
418836
185857
871422
668266
220864
78885
602888
1032514
194421
466233
288679
745041
484176
991055
763084
721079
254157
255320
406149
395912
446619
201570
682587
240485
847863
902779
1037670
408795
259193
881552
37313
110311
