6
458715
274422
760768
462281
222477
949116
793018
504663
947093
760726
113419
665349
695063
620067
869082
348550
103661
802760
488096
860589
53756
835196
573236
469124
297596
902337
516265
934581
198912
239763
264196
446862
577749
810011
455332
455840
884594
579353
962927
259116
1027508
932145
204403
56284
1006530
574541
992710
863605
900528
434384
522072
974326
966156
931757
194731
581991
74632
267067
756032
156396
929092
798790
471059
642407
777227
646361
874343
316265
951518
178094
535472
257063
670508
350513
939385
399278
788372
836425
557550
302315
503527
104666
617233
567934
1004378
222965
299330
344450
895102
559386
479311
931123
714940
86154
950698
212514
985208
656861
644222
874229
521545
353762
530954
266552
594774
632636
115930
479944
376556
735485
619079
689061
355867
214983
211807
263214
780585
1014386
286451
113656
375420
161902
856103
758123
742406
395365
358408
876103
680780
235448
771786
162067
1008887
902180
248242
882614
1001810
717253
652503
924232
631127
412004
503030
671613
1032762
290156
404060
139893
835272
367553
64820
212135
665432
113980
933338
821578
731184
940815
965850
512680
416770
330713
163926
605809
471397
44630
942053
691487
573353
303210
119005
359283
177441
921905
978383
671055
205422
607212
276083
1022368
364302
603508
599088
423406
330989
410522
916809
174104
613136
190500
107489
813996
289817
511376
626935
554214
101539
936248
615148
438829
528444
478949
985173
918319
680581
914243
697220
734067
212232
863783
957616
676037
451174
805417
193633
816684
421723
1044897
358987
254162
625699
967603
1002820
304707
677672
547723
194807
46510
539980
642158
427305
926344
744618
617138
53242
211972
406297
277250
790749
623590
46956
950302
400832
845952
957538
361847
726983
289553
367336
1019749
454216
246653
757150
1041981
601922
869121
427924
264208
293035
349406
1029307
56280
816661
1038834
880875
388384
920510
59605
829021
591576
492662
686794
1044020
455902
1015142
598766
617362
647460
226286
226275
520810
899403
581409
1046725
1012274
633754
977456
148530
798717
944326
763215
899206
41847
689095
338107
556602
179499
1026830
170467
859720
266347
711165
820551
375874
39294
63718
558586
73579
253649
813205
368538
762674
554581
659921
826194
685964
506809
449307
687928
569985
347427
528325
324817
722957
943650
313647
433009
1032126
828832
715580
1006247
903343
989331
614688
331173
194370
746697
316070
966646
576441
850709
834320
599177
611848
432989
249369
115534
135650
863442
735467
459363
140480
866289
929282
148246
617211
599844
832046
129817
484179
350651
821817
308019
884265
892125
656764
641276
531240
668191
229971
718181
1024862
111961
775859
49924
197415
404658
660742
298361
464235
1012737
678228
827938
1025963
119654
268023
573709
340180
791778
277528
689099
151392
319710
975137
835028
974190
50226
131986
100478
946135
946744
495215
1045857
424361
467208
345767
355901
138896
980205
927283
501308
565972
394022
64325
410528
103753
892583
582428
474232
424396
70916
49362
400697
164315
1022864
168488
402994
427772
812832
569786
245404
170328
1045050
400841
597815
213746
635591
76090
196388
689062
672996
270529
937034
745452
962621
233002
288935
628312
654518
593556
252982
298664
48007
583546
619769
240414
770347
533618
356508
516767
473988
970543
695114
696335
343787
135725
665061
451930
509048
709910
605618
365582
715475
724563
926430
212552
348919
895503
967742
253697
284027
1018761
210627
229068
360182
201581
911190
672842
585212
1019734
639757
1026300
868051
122245
359846
799803
388852
650819
770791
504242
831790
104905
762011
834221
479661
331057
331037
877883
79609
214785
169863
1046336
548737
616175
51344
85381
297347
472323
286174
1005939
257520
816451
352211
122750
849405
844969
883707
902204
91882
107425
1020685
340405
1032882
348650
227175
678426
632193
1045031
762715
351581
89444
251357
723054
405528
829250
50064
333469
394141
863808
122720
852004
781630
729750
207478
98187
460810
395926
176266
558587
1035930
685337
730574
443503
317446
143409
223187
274399
579127
123640
93798
279613
765293
785042
492246
1026201
205451
602906
892903
113923
715381
205266
32263
642138
577318
736680
758867
311033
948728
722361
191256
364860
244292
739258
1008797
882582
682928
352218
940823
275188
406855
576325
1018754
677404
1003527
507079
258855
993024
1031577
573010
1045624
849992
599437
241695
1036375
464288
594158
602937
962976
88809
587307
474438
509107
923129
821570
596355
234034
159969
61932
746915
559570
950177
359206
539055
487664
559599
616264
626157
519034
597382
711538
404531
280592
986276
86675
851773
538316
755619
65401
51384
883690
761350
980253
294701
616090
828115
816696
292270
755863
395652
947099
43789
331678
747158
66881
350593
256631
245407
80311
856364
572093
973851
264322
704640
401629
173251
384770
785308
398973
264948
842049
753194
292410
879691
143381
970626
827763
824841
409894
257807
840713
140794
39265
837032
683081
201884
906833
836992
147024
996088
139841
859189
473495
741481
86023
1048321
947402
465750
172114
404039
930074
157217
487400
89139
322602
1030555
113062
405983
667089
217207
575102
998370
158003
793712
220469
371743
725207
1010553
181857
61175
176088
414710
975205
539704
915547
491273
706662
423905
191268
142174
277060
462056
369789
795548
865998
126889
259942
849632
212084
249216
626887
216295
141812
992713
584408
494705
651044
658294
677948
840704
141860
926187
792073
122642
864930
448268
70489
522008
1017019
289573
945031
62702
223921
367755
1017141
562035
927089
743201
269224
1033462
929092
949492
951156
743657
906220
354307
389348
732889
196565
52542
480810
107491
93646
508566
440310
225730
397646
398424
373442
209267
886799
851678
436580
1010246
829977
562052
930613
101534
1029609
1003195
242563
71579
852019
407956
866033
865824
848314
181362
86387
388823
975547
522061
559168
1000822
995743
794251
978988
218097
211159
1034259
285004
838153
591089
292516
782001
73516
937364
953822
357732
516157
217156
200547
49132
738064
67097
177227
895767
38696
586059
689067
567622
296680
664081
1028012
864216
990773
1013360
397070
903791
202205
991171
686059
251065
857506
574110
707200
442978
849914
464236
1033509
911185
111074
760692
207899
213775
937068
270495
858665
611948
329436
795988
599982
317058
784551
851602
643313
552230
687393
928835
80381
741811
36768
430595
409897
409491
178104
600669
1022877
816016
79562
290320
132098
861199
331152
718426
588897
369909
899805
785289
151012
102026
430146
160578
626885
272096
63794
940681
1031013
863188
969319
615488
746936
229832
1030573
331676
598251
736495
899340
452616
669891
259230
1022039
330663
258876
374830
636071
509226
315750
1028919
143746
758245
618617
887317
668228
517204
205127
762746
226264
286424
445725
249400
178357
836259
164436
880558
487599
554176
372772
685290
242993
159083
167215
392597
872456
977179
378037
615142
220469
451718
42725
722332
940101
692922
550510
725199
308900
86168
484832
791258
259290
94921
873801
322552
667129
149828
785646
933680
1017465
348378
990544
914631
36706
913351
548426
932139
346518
135023
478371
618776
813347
578616
611579
858821
210708
890586
403591
168470
361981
790572
494971
558631
38667
761835
684224
1014347
1009119
484213
202220
891917
153815
132130
860423
642629
328336
327563
598216
285338
138955
814082
954505
566699
115918
514880
543705
167864
276402
796299
955536
814717
32577
130857
865340
469148
573511
413455
671399
971380
924253
895788
1030720
829285
53757
616171
37761
370539
583923
427082
642393
1030516
557310
643695
929664
722650
276758
72337
858474
137350
163301
706677
70299
802852
258869
195771
706642
513198
1021173
532661
159678
683024
830805
350312
569752
873765
150878
901536
183354
72582
258162
855166
754225
633684
958472
997979
633944
1013401
501069
749097
94958
523103
172136
557510
118659
408852
246602
959862
525499
930913
181843
595976
749992
700629
552736
207831
502989
439257
281074
935446
960935
301478
71480
348398
958504
614070
967245
130147
547616
873831
42486
856781
1046383
913397
574405
926226
623603
82462
830615
72415
885148
760440
982421
204827
264724
404850
1011579
280651
714726
861194
779275
914135
371733
703528
711490
992681
335069
691463
728446
490596
708258
533021
159575
672265
608168
709479
462382
535215
514931
913967
124702
531605
610874
558059
507706
991436
965479
212154
305102
748986
981013
641257
1000352
516677
713583
545545
407819
314760
745462
806974
343621
346512
279726
162091
784013
795508
887366
668962
738804
708345
589721
995568
366048
522792
462060
402377
500526
107165
414625
1023193
859692
86670
608809
498904
363159
201025
65940
414099
951144
223692
770018
364932
88362
517227
165864
858103
1038993
702471
1012277
164245
650671
804921
930052
777400
407557
1003259
671766
280757
585377
443530
424228
493279
698950
740395
864196
1012741
147539
256631
933384
447040
266737
500531
727869
696197
790599
201383
525519
929692
180714
893838
605256
501087
882127
144305
539654
904354
672046
743673
271548
603464
121099
286444
529715
650861
34127
332937
128718
201585
177278
946420
541333
702711
722473
555435
805040
373481
804386
755925
634011
132526
978429
356545
721566
811690
270866
1021471
55154
68648
804873
115906
618952
102193
407037
158461
1016967
82691
164899
487634
216370
529438
979223
577834
74512
46117
493413
182095
920274
331030
911814
971112
422973
699665
124331
485408
888092
242785
133174
377596
560027
875103
1046089
469548
587247
149547
512980
461569
75006
474029
658611
780616
1006345
946115
645810
659335
470623
61131
365846
434625
372473
562041
851136
466012
438924
1035113
632791
660498
620250
210207
421072
385368
583886
262996
202714
518373
674817
134368
363095
425213
327173
309029
125976
122299
435081
700988
208961
726983
546164
224749
594798
277027
34033
284717
793470
256173
672466
106335
57097
522074
1009141
551722
864424
586178
514827
406443
314370
584999
644176
195770
728000
619089
461176
739255
254157
429010
154664
551989
361133
683180
520037
643376
642084
598935
225258
1035968
717752
537975
996546
282480
487683
1026318
354366
933690
521593
672994
97920
944132
365032
521045
840877
458362
333478
547542
506339
145396
261963
220495
610694
401589
570929
320348
154343
425938
665725
365665
82876
193616
209996
934666
493420
830162
782593
1022337
50474
801029
600011
82188
391170
836993
275206
274791
860856
967716
498140
967088
109292
902782
299554
618610
768755
169894
946328
52526
424207
836438
51854
991764
99701
820425
651300
1011737
545276
354044
791764
497578
996069
332804
1032963
572055
567839
970852
625132
113521
356400
986288
855670
442660
413278
823761
244111
201913
477004
92978
816686
972959
616950
553914
159099
331458
659366
627649
212920
239055
372100
446216
957529
420104
352320
777073
485379
508667
878678
777051
829986
1008381
82956
832037
636066
212378
1027472
259318
244387
458061
99193
599951
791247
298932
351169
812022
177641
831787
980208
489784
545730
1039350
350577
663291
913965
540021
917446
666081
760527
71611
89252
993650
849189
76098
815023
76136
97930
757251
905356
424336
874630
604253
252936
564511
194580
438438
960842
1005572
435768
465540
88320
811480
1029385
762628
967191
977613
503191
510375
338984
523574
430175
247155
622390
419735
57148
927255
598278
1019973
762568
683874
729689
1035835
616279
520144
181863
921849
960930
967728
112870
344071
983843
430621
376011
790645
903207
349041
965255
531312
890573
586716
111558
969341
289283
277565
331252
128650
766432
1035645
511367
462073
567371
419372
251029
102764
986462
177625
201694
198601
1016192
201672
480072
55497
613494
1035152
566455
700390
712180
893777
104690
364267
608389
580145
934678
701507
940157
598025
227226
961963
440280
383625
261379
975761
382084
275392
365792
306308
164141
351878
648174
1031899
584209
963697
882357
71864
840852
46940
257455
801037
971344
854759
638517
284499
891168
1041063
914655
891960
518308
762712
936195
364263
551823
979884
615088
1039087
232259
466798
47681
357788
899160
996075
113155
253414
562062
788290
93066
171174
121132
70292
568715
311134
114713
94981
620236
573749
488481
834586
723208
912139
950649
293414
337399
394459
458975
141825
528176
391733
195753
482400
330330
462040
892599
658143
397105
507794
573560
513517
523969
955473
722356
592199
80304
374830
491830
426768
77283
313162
720985
666583
47507
160050
492637
887928
623079
792700
166109
839812
450688
311015
223742
904390
965855
323131
206200
719105
581305
392086
422419
758067
607767
606681
656754
560003
112842
279915
478305
627560
294336
441335
181940
800707
484781
387524
153254
543483
617190
382128
948652
904270
442972
716926
206311
345212
732172
344479
654637
958574
86776
239322
873321
822106
415463
680808
833020
241289
254954
1006805
857199
213494
585351
190586
409268
989515
812187
800972
971449
991441
625136
687411
979115
108870
709445
854565
629099
497196
35502
730596
757392
298896
730582
754220
836738
752878
768756
682398
92512
806774
929150
593558
279031
810654
481449
568969
598769
851745
426292
643668
890184
228903
404260
659291
1009706
137383
426794
658581
165632
891208
196403
1002335
160615
232873
759753
520018
720125
408907
384573
584742
486134
763218
1032840
464579
182679
131885
502551
608175
669322
430234
170324
650659
736676
855155
631124
564747
983844
802411
225666
63409
1022838
364323
472043
837388
74534
256518
229908
243659
632213
181145
295896
285040
220670
258598
743177
549911
600695
632203
857866
960150
891965
297768
349381
347016
676083
355266
791365
178053
405581
167876
103300
896660
416468
956445
645428
422923
227984
367811
167206
76142
559529
241634
701536
225585
752979
564354
415055
658259
815026
113531
869923
133912
839034
202696
570018
212282
76129
617210
225028
37676
80737
655790
987139
810575
825967
270362
499537
506758
961548
820842
91262
247610
903230
547423
53408
782681
868282
749039
267527
446253
867208
70921
76025
714722
243927
894322
552302
827956
974113
419184
911328
966979
859985
33365
648177
200462
773706
1031376
805728
351048
410556
201036
394148
33367
295063
473798
756688
249167
276217
856823
613155
254306
736152
874095
644196
802351
212526
47565
639997
538519
727210
990665
820837
201815
786746
840266
1041298
416588
88797
267809
906095
737253
613134
370479
139155
899614
637410
606324
1021950
246696
782618
492311
815453
929685
612827
675835
384135
381991
598800
108830
428634
876127
419040
112708
483168
593622
706651
74468
189710
786738
501293
209203
50509
520137
571693
958080
280672
376644
473842
211867
402991
1025931
166236
572163
806951
372432
434465
488650
59036
859722
809527
1023824
410150
1041300
582424
707753
210208
907092
143778
405731
377736
856094
89846
400660
376250
102939
839333
844039
360061
759330
613837
100382
540284
1045863
1031558
910887
861565
183348
850027
231559
1035810
954517
45452
62225
550967
296670
934781
743918
766314
516120
694240
333051
649092
173074
663733
503763
371131
736160
896514
902288
477798
234938
182117
426782
285246
771584
568629
948540
911144
853734
69543
186934
864414
237545
701319
534873
412260
1010255
328381
271258
387554
410457
325201
241295
52769
668249
82859
851049
384549
322792
990666
380889
113171
648952
335316
687691
255335
259533
1001844
235443
259917
1035996
116570
84608
1026967
720363
350377
454991
306668
228877
78805
1009141
65976
255092
437787
939328
377074
516960
603104
683147
579080
718167
230589
605676
41707
487080
650766
967293
272031
904306
863194
810080
1014671
287448
726110
487781
382745
930646
679584
784894
656441
69773
647879
690126
996601
245788
691824
517405
1044026
448107
356566
559229
365195
62150
688148
960760
624938
94420
944907
928853
344734
967256
60203
960524
915370
190588
739400
235439
669326
721404
451960
638508
96248
395732
446624
559305
184023
787979
398230
474919
960845
396286
453150
876772
367330
457036
245079
845056
770873
487697
460601
219412
721594
137361
259122
162511
429338
51346
372987
219490
747799
217206
89445
224123
756871
833011
456102
146193
552229
953840
866904
135765
920012
284905
589532
763555
93302
414431
946128
666935
206309
98199
595184
181869
480840
455019
872027
812177
34022
569902
406852
51251
980203
257683
55147
218065
735475
76061
790990
555896
233318
996852
923747
917544
903420
890956
434661
998584
745744
736393
459284
123658
753473
279082
878957
76065
1022407
478933
400920
401843
400977
782868
443708
918853
756052
543430
704936
990959
198965
743221
580480
197366
955498
741168
46086
117718
76771
293836
67955
636972
890592
151408
879682
351598
983867
1001818
810680
264768
427545
329574
267154
835766
986469
599059
147987
872030
82481
777208
966252
175398
961162
322785
897294
829160
962892
636423
775048
914578
189756
1036291
830886
969728
329899
914440
980768
84608
588845
757294
548222
154337
887650
313448
917538
257686
240289
186731
543286
202780
574754
153593
265232
656109
97305
446582
943534
891359
633213
843130
832962
635964
716070
658153
84624
868349
657381
569909
832047
35567
881531
969693
476861
833274
784005
917466
1043589
137193
918330
427911
712278
372540
171771
823599
910228
345843
532039
1026296
1047115
320380
129255
237848
790761
377046
612115
500143
385630
883683
478366
763203
511345
605630
875460
780537
585385
792990
265612
424571
1045172
249946
117801
729262
109300
977437
165026
804355
272083
795531
865847
923491
870585
615152
146101
687865
812024
344496
84638
506534
34414
255589
532514
948644
960874
662538
461427
1020354
814000
953329
1007643
154641
617021
793010
1032095
129835
813020
544223
1001849
199537
632626
202691
71977
607762
290355
123518
50411
979871
368526
944578
422761
471288
591933
413634
787099
296856
1017133
127857
493406
407852
53314
80607
757303
301077
722063
111088
854532
446651
614913
369526
805421
365224
374825
746735
567195
118297
206277
258890
613558
137792
76339
740475
419032
379768
641264
316851
515196
972150
860470
370733
480768
441326
761597
530624
284502
755639
51886
228673
335334
165855
566631
106357
980465
423368
331858
873782
988090
464597
565980
785772
877396
870968
574420
826953
937649
857812
638139
337082
84852
400978
152374
517397
272041
184102
1024636
960756
890291
524690
717864
557507
331842
174000
354653
624359
487530
315094
155710
932301
806933
442413
173958
271585
835282
402818
892876
814098
794518
1001226
119017
158532
1019241
680240
672387
647887
111603
581544
612894
1043634
70393
653542
990581
938195
861240
985853
404236
763574
356057
966236
463142
212400
786086
621329
362527
795824
673013
307677
378319
132532
896779
1011881
460273
1035021
698311
319652
202195
472261
822253
979195
1007446
523108
407555
613234
895984
981401
156632
622035
330146
626645
410248
893845
814350
879443
686892
196553
281081
248202
360493
588878
668066
861081
845670
279429
317385
775472
1003088
556392
856093
717850
401545
256139
472271
1001789
367761
487259
1037487
143791
556572
298654
47563
1018165
524691
654521
86682
727287
702837
415844
486231
360960
462061
223642
37773
121842
872507
598287
430622
674338
55650
295966
165356
56988
960664
864931
253668
575828
380476
901611
904440
958513
520045
969722
452482
593785
260917
567838
1008621
263425
836412
407026
545288
466351
710261
722061
670391
284385
194619
977069
360886
84255
621693
149708
459194
770991
744242
638356
400872
996093
1048350
736393
874244
299705
524679
564409
485261
530473
399833
317686
584069
87046
56775
955501
727453
535563
330352
797009
451838
333490
723887
950466
1000518
1024327
734755
650671
698338
648858
459727
815321
887600
709478
704695
961943
599104
86584
899830
808298
902182
319706
1022894
674222
634235
173306
425934
436085
65204
612962
132753
858720
923073
401404
574740
354352
541785
1031939
966417
566360
59830
780119
101029
915654
704935
1047943
699742
134341
616896
379990
55336
88781
786065
102599
683520
1029615
364273
949883
567697
945966
445542
89838
443674
307621
789171
513517
1004357
777691
546890
145399
605630
708546
492013
255108
782459
648948
855655
717032
465555
720347
817801
176096
547712
144673
501083
922581
638082
917509
546130
896812
586747
736431
980161
638370
275170
869722
149505
477880
253493
89226
190770
128424
568816
911330
715510
637262
694509
648848
913554
559106
636778
948065
593237
407979
211441
667034
617807
140503
465135
683842
144264
613011
613578
1031266
862419
887889
685310
654376
720331
902431
760390
756384
305274
849364
626928
476814
193378
141994
605251
563721
588786
496467
98634
472261
165647
254287
542494
361001
451299
757058
129810
440267
143406
409503
267522
33353
963074
802658
539671
240544
719117
372027
721691
143747
150242
778194
861075
449320
34258
101556
82479
220933
807255
46969
188558
1048340
386438
442051
269554
186847
792075
804936
879117
994847
124341
728047
558031
857875
923483
865364
790630
411904
116597
36877
460809
724859
384860
458543
82863
74120
663200
484809
868651
564373
287847
974314
216207
1019447
901998
240937
405551
526151
73765
982325
1011651
609590
686900
516754
724570
459107
754318
613135
239353
462046
91786
254942
733931
586884
317083
56483
109234
427520
81753
409286
658169
1033013
59830
855396
525005
807254
167818
418254
806743
300868
473479
623437
236482
1001890
311516
855310
317455
1016989
904328
132019
463043
958632
766459
367106
437512
100674
814444
53194
927576
738055
793427
368970
925846
148133
493607
48495
773729
970680
813326
548972
517186
464293
357241
914970
169818
253639
279602
715340
552759
201827
684937
669067
824682
766341
610877
693967
103005
453867
729247
531241
623589
276323
100736
545246
366878
270360
366678
269136
330980
156663
223684
860511
540021
202232
814351
878668
244307
132746
365469
56714
1014442
887394
645506
748608
206277
857737
738682
126823
363826
164230
368451
97333
795137
510694
63334
937049
776399
353681
729771
314230
865158
564021
431719
196974
263484
750106
183302
513107
58572
219428
273764
82821
177143
33476
878435
913554
847415
456231
820259
683125
888138
905055
562975
744277
638183
774815
32311
36737
393270
223890
649274
249278
864428
466958
691834
737006
159956
415953
307518
1043484
747295
462385
146076
743623
176306
564199
365628
499038
499531
640821
240944
368198
648946
280947
150909
419348
629386
36721
1040374
447795
635919
205398
430017
858354
235426
993038
581260
427923
300202
442922
949270
588803
791365
190660
1037162
496609
963347
615492
785773
701595
566684
98655
944700
284004
345211
565963
709901
1035825
704638
603464
992237
978591
565986
36879
212887
863836
752851
535579
220976
228274
103819
442684
926280
487781
315172
363117
501079
374413
851055
276423
933190
97977
632800
203110
253777
383355
91733
928496
354535
514273
683585
220954
240410
55501
240002
1005201
404723
646367
55965
625186
39262
167240
791511
791310
270348
1002311
139130
603298
374855
213724
848640
709006
956149
700615
206324
698304
500616
980675
83965
941274
411964
574932
794814
535244
88226
649099
901971
241302
56006
389340
178183
351946
122529
262698
482203
794022
944228
772237
245421
104677
514241
148338
781705
568603
121828
458503
257488
101560
614428
783441
999142
990925
766321
94698
983538
356526
463230
74116
1022823
216277
125845
765555
710762
571673
799630
257979
632606
498429
338976
120172
280436
732996
151096
590007
782438
908777
890213
451299
695115
89238
915617
356493
300184
253389
971438
362825
254291
451797
523537
86635
832664
684914
487538
463373
396877
555412
73010
947437
88488
1011073
562996
462201
95250
330960
588826
830874
764495
205293
248224
307643
795803
1023261
684847
316438
581508
135021
990302
978236
613683
858065
204166
106301
539190
721047
810145
93956
463075
886280
263208
894889
782642
922593
911547
870460
698345
67901
34167
1010500
380322
681475
371116
542332
157990
575263
583137
357177
745372
146530
449719
591050
74155
529934
678208
933328
464299
419300
480856
76902
257510
499978
471243
581144
903387
672449
478230
860015
65359
757603
52749
698290
1045700
134991
269176
662936
504823
155683
302755
762665
207857
47181
173106
559305
267705
60496
296671
342974
972378
622016
115265
591918
534009
1005240
590536
149656
383623
71233
749795
355322
951670
823968
445197
996471
85802
815476
240014
551200
309361
926307
399287
676720
535265
186741
442619
261404
1041336
442567
383641
701610
331890
1017003
781442
625606
865314
364264
543267
929687
74636
951493
332860
236152
858848
683257
474234
100860
1029121
903212
361073
811378
583643
823338
705526
901250
719435
359240
500393
735289
763582
403585
109205
443235
297378
80599
662467
348902
507175
66906
362385
294365
981730
168289
680933
442899
850766
70235
183310
53622
901583
446532
124312
983534
846905
249242
253924
415202
871706
240080
1019293
886818
732915
298637
156667
598062
1011089
237595
429340
1019431
83473
240540
140212
537337
559555
129996
960105
527946
363689
418779
680793
618987
593019
588753
704590
722090
360119
376466
669957
431224
609488
340645
369328
876497
330629
646393
917492
50503
674155
520773
977296
914582
555318
879729
966638
654467
900526
131188
316567
944373
300400
163317
736148
872467
813010
441333
603592
108455
390448
552887
346561
392602
838688
298827
699669
757774
540397
590120
678400
100797
414931
978611
265660
694485
210033
601802
900229
380001
717874
873815
310444
344457
863593
722392
364331
538554
889865
333269
565382
271983
717940
342954
572379
285084
421431
155344
645145
998397
177929
284008
462315
188016
755152
543286
540717
430220
223645
142427
442625
1023233
180651
1017757
510825
744966
535214
776423
736977
805326
869145
668084
836395
276393
542323
775486
337276
294381
497550
125995
1045922
350570
366814
568299
275556
87310
519805
289605
291649
503215
142451
263018
702184
639959
628767
408112
976562
723217
571561
284992
845300
775757
946639
304921
938237
975750
454961
276382
447748
410131
1029686
675300
491291
943417
672432
419217
435910
790808
635949
167268
948535
884506
875669
755587
369645
1024379
113942
315853
494611
599218
300476
811688
71265
877846
861743
1047993
482207
290319
686795
948045
974693
56730
646374
219434
562602
933691
987553
783146
361828
477327
583160
257337
902297
451274
114391
495002
869727
780533
595546
673021
508603
634796
279390
693466
309202
123604
794540
512672
238548
516519
745729
711015
641844
545317
726584
1020752
43227
754638
772112
763320
118543
651052
478938
102721
891701
208217
143784
75159
109146
1024040
902749
747783
575091
424558
247613
281251
349553
886792
413465
342007
540848
866437
902734
447285
82198
486906
168790
605417
53205
430859
383484
447582
462396
100725
338223
415586
557882
741496
438913
42926
410189
238025
547624
629420
122506
895311
93287
852720
619154
361015
213521
800736
994817
112912
247176
809113
888423
758904
754322
602189
925661
718239
439625
884900
415346
106267
124599
114701
459861
234936
522011
204400
358705
668176
338252
72350
633529
312875
1022409
794203
946091
808318
902768
637275
533990
685665
187685
769218
708087
410201
481389
147884
956212
697640
369509
778234
942969
813233
528578
413678
253919
541352
400990
577883
959997
808282
980203
222802
144730
57628
32637
627597
901579
282721
212300
299765
666909
324846
328199
706449
164155
157613
908271
702150
1000249
289734
738484
1021547
263185
574924
164124
91783
94940
133941
626940
322021
656751
217822
105362
144679
566724
35264
174080
223862
166391
724205
693954
784014
223657
832642
496582
504670
642105
783380
395680
447830
515112
507611
507584
690616
832851
390346
633177
635248
61913
361001
962967
845908
775044
236957
999398
665352
139592
571380
320627
899262
302800
87896
554208
98985
896310
130133
924056
683165
859732
487232
531306
777030
781737
972153
644836
684960
361920
938205
459324
442902
857817
191299
361813
237580
980760
151136
1041940
40310
547614
503001
112613
935924
343788
461377
890071
60703
632577
229534
293888
176893
120436
421277
648190
34373
864960
148253
267028
379334
499680
630185
829278
930917
744232
212467
697643
570557
394444
447273
758762
379431
310665
112908
35475
350557
723675
783145
350605
1037655
991122
678744
380026
523549
193646
578574
635954
1029634
649206
612118
552674
1012795
231094
91315
343667
393267
595538
470977
86754
892560
53601
65065
276435
991053
888954
756691
469267
945813
687731
488075
492944
377898
844232
958125
929672
866298
601307
401402
979086
1045748
576869
909411
116498
419522
185918
528300
842376
870062
804418
416569
39831
86643
476821
437597
342961
222826
725717
302287
662532
238764
129306
543184
990767
322223
520026
601787
383641
156641
887578
562384
890191
899680
489927
685771
329214
227660
463053
518389
376153
417070
238991
754147
340632
747732
50179
97979
860447
443571
932234
822513
567410
171484
680728
635965
461430
217184
762901
800363
316744
84253
807781
851226
184369
207850
330635
502529
385366
937533
785389
533979
322403
318761
414654
256549
99476
318734
611864
773946
871412
259142
991230
452987
243936
1011073
868721
956464
538775
449293
580844
511831
419762
298934
270859
909398
727190
1011838
186080
634344
385393
531403
249347
165049
374994
908266
484856
404539
225509
57848
244707
289839
292264
550414
933799
35656
706461
471101
794315
780150
842109
710937
873825
899807
105863
614452
356516
660130
80593
341013
385316
891345
996586
561884
525636
1024016
341040
932149
735164
616982
1009322
518442
426797
480988
835773
174003
47692
653471
347346
687339
671374
414613
63395
36686
991772
724831
413483
397654
600215
347092
213538
196913
670730
36772
306636
993647
371145
409173
60686
727241
495174
761842
963377
580105
668216
263194
110178
977033
1044444
991750
414714
501057
810104
588270
520506
255597
646430
119665
345830
525206
798803
153849
94716
97951
94894
188995
979671
493609
984411
62357
37324
89813
100834
698937
477694
481446
459265
798661
119201
1032727
120390
768567
973853
596011
917621
326604
589697
699754
122663
312232
605812
1009333
349102
46513
176158
910493
230560
732993
228276
873716
56490
702698
973857
840715
796793
55340
392064
924960
888156
272954
210775
1027933
555436
807793
70728
708553
564773
739291
133193
413645
912791
82541
757274
790786
288284
952433
696213
379430
982313
256354
964669
990562
897183
470631
890209
996455
417772
825931
442911
895996
321738
963113
721593
106335
547689
1025941
537323
193608
204659
306479
109220
592202
186922
593750
132897
952388
242812
632327
351038
624346
844068
649164
557283
419543
850306
614761
734878
169907
208904
359825
645145
407124
369729
533900
921278
993060
1043152
361073
82050
761802
718672
246953
564838
258995
135013
962966
758232
295381
790531
387478
176261
49956
674217
71560
750944
859246
409861
460188
852723
1035606
680596
969750
148882
1006531
976522
836245
710996
809058
874575
196263
739453
1032542
124588
349032
592776
621687
955495
156421
225783
791309
445729
421711
288219
225711
398940
538520
830634
32729
243950
582901
735422
515153
123513
344477
937502
157809
974093
690483
824690
759440
918326
810088
584028
350389
277505
493630
115542
384355
366054
973570
176491
141187
199538
999515
210774
407860
408147
870891
357850
1045623
439565
464217
700359
771634
380925
310062
280742
173278
297700
953852
1026340
618116
410188
848995
617363
790530
793424
409218
192408
915649
793000
227197
268703
422693
745426
547642
873106
322344
347309
526658
167205
946335
101020
293003
735252
777225
487545
377545
767135
950233
364239
69795
46607
212605
315736
351164
851139
216241
264955
395731
623047
471691
123682
717016
93763
669998
488514
904753
974814
521037
923116
695088
562598
568715
985435
502578
635899
1032737
480017
605402
225511
802402
351963
938040
706433
86380
911762
1014299
795835
596761
562564
135029
797830
677914
329165
1024362
474172
312860
93920
958478
247194
962573
465750
686049
506766
269221
623043
1044624
239856
853536
1013403
150896
125975
246637
631135
722968
976821
508835
368397
402971
338300
215403
979611
734854
599202
674375
681520
314710
326914
516158
204798
360986
168444
961854
942334
744290
113176
312888
76297
1001853
49188
945960
37241
247131
153602
775836
724847
836272
930672
487664
723655
599464
564832
1017426
781469
223889
593554
231443
444087
344839
699588
912245
232279
626650
592789
998773
1024863
79867
101052
557799
986333
723222
63730
781690
685266
1023265
577828
144903
580539
404802
330734
306669
458964
773901
119031
911141
743850
660738
147041
429957
357758
762250
501435
786077
351729
129544
442965
669935
530782
129333
575853
191526
427348
762740
100517
233190
894302
983043
160638
380175
316475
815250
405579
401847
575290
192890
140935
153597
355146
571344
314731
687249
158564
882593
41971
34130
821380
966848
206306
999540
227173
762883
1026320
304709
114352
899655
667080
806948
589608
754126
73459
223179
745028
181828
563585
641985
611751
900303
312066
850318
494695
365452
476263
747291
386481
56043
437898
409305
224957
741873
677781
943649
469621
609584
566402
945383
266705
486999
993057
874249
39833
525236
333034
349934
172010
924070
994834
306105
452085
309370
969767
427297
354643
1029294
207593
241412
812907
212901
830469
531900
773939
502509
433642
638345
727183
898967
843109
214892
49137
563627
358868
456094
404646
56018
178071
554587
840753
590157
355308
908280
192410
759345
986248
188345
445816
547283
194068
63113
222131
851623
784552
601812
951368
991026
989365
477424
367355
564368
739261
963260
599148
221442
715328
970427
986084
181120
962977
920488
922609
967582
395908
682101
414637
246659
500107
571618
625551
196024
154669
1006530
103827
733790
86612
620064
275550
617771
256330
432035
547297
495010
385637
1030308
1025766
620224
718607
980707
775812
903190
921415
846428
747953
415559
977763
369586
945806
336690
119256
415140
748721
862994
413478
302751
588917
554238
757099
485406
232223
482202
1028496
279366
634334
646159
514317
573236
365847
459323
406136
1028516
191314
59367
688572
902749
898987
601693
575168
51798
80025
727188
930072
404961
264653
535274
1009145
35057
195507
289417
355421
89098
322523
410433
246728
843127
543035
961285
752341
210178
492483
784037
521018
171720
542508
196571
610868
94993
1009100
54825
312231
104116
507180
191351
345824
285729
998821
282911
361115
40781
528628
169872
504205
898997
47217
1024878
330685
222139
621980
667115
891373
800351
38802
312114
664932
866802
389349
84546
69089
993101
718230
1023276
801180
181180
129307
576434
254385
64731
920399
669103
733900
122633
163298
227238
118530
354327
1028010
805034
1028522
927227
608269
88334
721596
111232
756471
74171
289423
764725
57615
341042
546570
617637
740108
329977
207604
398138
451809
301436
997041
259943
189675
559402
121256
565161
617400
538504
985637
580534
89404
889507
252966
598831
792742
905125
116584
136256
369006
960652
479946
896269
1006223
245058
996480
1001440
503590
413482
518815
777042
313603
224348
860354
685312
875655
358854
154686
1035025
345765
803900
297547
267998
357854
703547
592543
980229
170436
222096
466107
948019
941656
456080
915085
773729
330737
158167
342842
939179
626043
727446
157619
698942
720378
121274
297755
240117
368618
1000072
93670
904296
668551
538322
1006386
902872
61157
210762
996999
277648
960211
478326
953846
783458
945009
356053
257235
802863
132922
605529
112958
704602
165853
115580
359339
448997
99155
128748
360136
738474
563638
515536
290236
499041
127808
756708
173033
862434
359009
222378
924073
133900
360874
390854
303173
463656
70382
498693
985844
622049
494942
532657
573314
550732
293681
330160
884227
677845
869169
802525
1035018
471729
549946
254369
652889
424226
158150
751933
315493
779498
586237
285297
341971
331181
961310
229564
552207
753757
732193
459767
131393
463153
507692
798862
903802
724200
447824
100535
360093
467241
151728
917986
862803
822086
894910
463726
80280
239620
368593
474580
892871
518337
790228
629435
697245
1027820
998601
305224
231567
901902
137868
977738
313436
318308
1016286
984437
633970
620027
820589
221240
650648
156372
770033
429373
879915
659533
359432
308889
102498
980432
284021
857827
113978
465710
939860
763822
302792
241677
535199
462329
967572
315328
1036123
962940
49172
869118
845391
304369
144641
797166
63619
466237
1040094
785669
154389
793479
1041411
181314
659294
130139
804360
195899
292409
584093
213898
113486
573735
608278
60502
558532
980757
514002
711183
501109
394896
518813
992232
768108
718277
877403
510870
502489
210737
727874
422854
401395
722445
268402
59479
687877
380470
284413
782651
776896
287857
829131
123651
873922
905360
478523
874374
694511
666484
232301
626634
141616
110612
978974
838998
445646
43833
641935
752379
481517
678420
124255
829018
764716
81008
289302
638154
956793
747956
299882
1002356
780497
1035024
372007
862128
414613
965760
376987
98433
575716
793503
376232
555907
340164
801014
658366
937126
850008
397103
300352
315731
847841
965831
489003
967684
565749
536138
329162
365242
985409
545596
222813
576334
915351
1023281
678426
264747
677653
568757
232374
911502
318298
870919
847649
613938
567603
837470
890641
62401
408233
429248
335924
636924
242459
159946
926824
927101
142190
611943
346566
463598
636936
359366
666487
762625
855352
672416
979883
858741
884556
989335
323350
877940
94873
918673
619186
49557
397641
44947
528353
113183
503764
991108
668697
292995
670520
915095
730672
701587
809765
946789
721379
858832
800981
1045612
375411
763277
1001227
36484
159623
139593
654624
1037456
256107
640087
867206
260453
106165
1006551
289303
404285
869071
415312
524950
234684
899160
137822
67941
680904
416782
625310
949402
1009340
294840
712152
811351
671384
1031390
252989
149690
1008338
169794
613901
922012
936244
290353
605307
678743
983063
794188
507871
790982
502471
793437
246550
531262
925356
995542
598052
832715
877401
1014508
492292
564430
902355
802380
452536
209444
714737
510595
914971
344045
387457
639997
489012
752574
66435
179362
349036
413473
1009670
617198
184444
715518
554004
270386
990275
806772
267108
348584
36921
562982
35280
492609
708278
409210
35470
427065
914488
222837
538806
788986
167816
1022910
631329
828547
229901
893653
857839
269528
924086
215393
145784
599949
986450
674172
157672
308994
363173
900827
672036
729757
248773
486284
338951
1001881
552566
701056
93266
217822
76108
196009
611727
993059
141226
799799
699417
215296
292231
964431
935470
210377
324511
668242
33808
209426
51335
176462
304358
884424
791340
579743
721684
934691
445543
973031
454232
1010936
299381
1027686
897974
926113
331252
874066
545758
805353
89431
636880
631845
617349
812006
1029601
122524
272115
144674
157333
764499
189779
614435
565919
400762
243915
544978
658812
347279
263428
374446
353776
820092
279898
57153
498420
37669
59352
110633
518537
174208
684022
798895
393417
905780
743858
585391
638123
111495
1026186
778226
993624
480771
439520
82085
786064
849659
444022
100983
115562
248585
747725
212156
947427
686904
698443
743210
691462
465681
709015
259085
264923
689129
960884
358670
667020
502712
562445
375564
730297
243933
436082
792743
384368
1027611
349934
1017131
265328
528986
391222
442560
497210
183319
770030
572086
794024
345067
132119
327568
955530
253776
222929
944964
321872
330661
429698
792069
68893
944899
459133
958576
754187
289469
685101
147562
835061
827696
679538
1035979
575822
533575
264338
229069
933797
583160
617224
102920
54086
718389
828752
277035
103641
574095
511436
722638
735237
423272
390366
944456
100740
586854
682090
1005214
878961
564516
718643
547271
511334
845078
406316
685387
1013172
255114
826215
681174
37328
642548
64425
487275
979685
643356
625308
369315
284216
976818
106457
906070
102192
370018
91886
966593
761715
189048
272135
190775
527667
644805
446966
949775
369501
951633
827006
456198
138948
162502
777694
974511
288315
163949
94668
418030
563768
986316
282457
704409
255325
986350
313807
421260
267608
616259
763095
710727
1025368
131667
370520
719457
564852
551292
110153
36484
854205
659267
716642
843102
834269
120048
57105
51205
627884
743181
493274
219989
331229
773723
698469
439500
553871
288686
88346
840300
659372
787115
156374
683428
166343
586440
201502
508843
546732
944349
917095
62708
320501
73766
944624
892039
1026223
679575
779935
918279
626155
581954
86634
362753
872949
295977
99463
247376
913662
599177
413641
530441
288702
748667
88285
966654
382162
859985
326958
360082
147887
885692
484182
912815
711105
271554
65414
906110
984109
50398
567484
920657
185179
793674
743473
461419
237588
1027220
1007475
136764
1004408
115322
608072
193473
74676
56124
113402
159357
589549
1007455
76898
157374
523569
164636
53717
559383
113429
566732
901580
258833
394476
960430
888348
186941
563571
603304
741031
361482
930745
340859
1016446
82076
929699
375918
620020
267562
301453
333257
718405
538800
384354
410381
282494
654496
775356
379399
628330
81034
302219
453689
372153
1029409
404670
573035
420717
1039419
583731
256535
858077
749098
831760
856082
888085
313802
691092
333472
111975
656849
62314
286439
350487
112614
253929
653690
642611
60703
989525
865854
558090
582600
1038986
530986
994854
463639
710647
167271
207839
669013
849993
599630
873329
401022
242843
316272
442947
62341
140318
354622
734762
357717
44498
477677
42696
926394
680912
345934
672180
617098
929735
814451
581423
166552
1013351
477842
582890
986351
804962
401390
613147
383673
617262
831851
317073
87921
961836
367330
465565
815013
431821
947089
599837
499188
553049
242984
483145
198944
152744
617175
102273
265616
882347
983878
682536
965256
406882
249390
685079
674428
106564
487014
762950
277250
910225
842082
254367
525564
186850
614224
672301
873088
461936
570766
902864
264825
267695
368414
935909
86047
243001
172359
562419
413667
613508
579744
704587
187453
517582
749060
389143
399793
297884
744247
59825
259316
829143
698882
406908
1007008
702807
100525
364319
461022
734391
972363
802398
268368
978508
790966
874589
540134
987493
1022075
75148
710495
923609
329925
546871
659238
970115
433018
442603
82712
516689
335987
947448
281247
367614
405822
128694
516141
542313
163912
643220
985166
974299
296887
137746
767484
710494
409676
755848
597171
48323
268369
572045
346503
494255
434389
550522
597786
525482
90843
417762
511450
103303
557845
327758
47701
712183
1026826
231587
671096
381084
851603
939440
657387
722560
782676
991901
876125
850707
315120
1032568
293683
188010
176500
795979
227679
537082
757565
820448
56772
624939
873724
1000516
892778
33162
361657
228896
411891
661157
350682
736149
668948
276074
478969
638070
269733
415507
603497
717882
406894
607789
200518
262672
1003418
408928
840288
868714
642498
94980
463582
112888
751387
607780
399777
691031
304735
700979
291665
586077
494646
378014
352176
590540
204828
838126
726982
465212
68594
810019
583674
967329
225277
934718
586585
777082
1026330
820838
917088
322620
95293
193397
139154
648035
864910
774165
242750
576418
839820
1014666
88381
1028531
801050
691103
423498
444083
173063
352140
242456
708312
1016310
921899
359330
65199
731245
378386
850748
727424
528607
721680
431418
797168
321003
418328
655980
130148
53724
876117
280668
570923
976832
680433
937346
65363
685327
203145
974504
424396
316851
135445
956114
1038976
675850
868333
562394
706796
851349
788308
120142
300790
829131
619110
501301
813957
190546
712137
419026
775314
813980
40001
508630
971981
890184
50176
322185
200689
684016
310020
876102
568272
272927
672123
183327
679502
455242
462064
603576
167243
1046111
215317
139198
419062
902874
300757
296705
75577
612731
96274
958916
289302
636777
876141
780612
948513
678401
241416
595832
1026029
44984
710516
616807
964057
730661
458109
642377
903413
376281
598868
987801
949760
1046119
979670
667076
139123
178182
784563
1032535
704590
981940
326305
241438
573869
146551
586901
251507
687719
897178
59321
465469
949080
725716
672431
366677
1032550
859337
745413
113054
684000
211890
492643
1029258
324286
762949
747773
590180
593735
284575
48162
420274
545662
128654
938850
410997
602493
352183
571660
896553
860000
325186
241327
893876
418843
349545
390344
747137
863063
116232
822521
693114
617124
838680
35566
921017
728044
566763
775326
717135
204658
320371
956177
279038
815235
34142
131971
154417
65607
284372
937609
886211
689478
840718
686029
426266
995730
483191
160833
932039
616188
918075
1001788
337507
438454
56504
164996
516530
75560
335082
59997
270580
779215
234320
387556
859345
341692
943071
355961
338235
41464
701419
599853
290563
779163
531853
331310
954085
802797
65420
391242
518448
489384
561150
492239
672016
457773
614913
795542
583154
169645
850727
807806
545560
116734
405757
710914
312207
856123
344587
205383
148112
563475
157006
710610
469850
199356
34135
902285
599975
640787
775444
424336
138941
164337
452500
698209
248617
414131
191517
600051
763777
103671
658795
641798
410450
408244
543277
601225
183952
737650
151407
113031
687624
64910
984827
64732
746097
145363
55514
58602
123697
309904
163298
718603
800721
780563
595984
905049
316434
570043
520805
357769
424427
815280
297907
762029
794232
996999
1022868
1022857
170316
618788
891957
791473
987171
42900
262979
259103
176503
87857
164458
168977
1003228
377084
300772
546706
506785
601227
634037
34266
338087
615074
866763
747736
523537
47722
687914
722653
107600
706546
802334
322213
984445
175059
930794
1031884
544219
918013
423407
283751
516511
528697
683018
883662
121455
688461
365638
88268
905631
187699
508619
520284
983915
139149
516845
561883
365635
43797
619115
221861
384546
487720
590177
356584
899472
376904
905113
1022404
636987
879709
722436
382774
583691
248146
664364
260688
814376
282995
506536
1031495
516213
99348
790640
465999
946791
830162
632354
923118
370514
780642
535032
944333
118377
1000873
322780
233226
1011772
116701
805426
851031
66905
36482
683249
712296
920111
445762
1027066
104198
666960
823155
149471
223674
457049
217159
727685
866789
896138
727446
731541
612988
911239
991468
502990
663909
140193
977160
455827
222489
745754
799737
176510
249977
417477
347649
616332
888926
802810
739284
788985
139874
852687
1035800
43245
112656
351122
602020
686501
868248
237484
275906
602900
498251
424361
115283
83669
980603
88798
744261
910787
949329
533019
963364
500114
81896
377875
422771
754123
285552
243930
1045586
519735
741840
858081
543649
244967
557048
151013
325185
191511
126644
338004
462350
917540
437198
122498
440045
427949
313617
269201
126836
392353
935926
402377
230589
591392
133193
722587
741263
890261
1010621
864189
247119
316583
747321
376207
966443
893208
437621
892056
66113
427749
443368
295072
844093
698195
331465
597988
487032
440309
155585
98655
181362
355917
176344
872477
724314
688097
881793
230844
903537
746744
915679
503314
602280
931786
424521
441044
729248
154467
406277
911184
394881
188705
642224
760766
518314
1014172
561108
504223
706100
239842
108753
507640
944340
520486
826460
844980
462373
595805
926451
1043510
698385
220455
718400
508575
837486
367857
148534
566830
260872
586850
584715
845697
37231
561029
1007673
761598
658574
205487
882604
735362
525008
149849
409887
407953
50076
175049
1014794
840725
968104
423128
684244
914414
216380
899695
312233
920003
648164
1027456
813220
82982
195457
52070
615544
345152
862995
50051
962094
891655
209676
716628
1019237
371438
81331
417995
92667
642519
129696
802053
471799
905655
960732
247663
680424
384183
552428
373352
946338
533595
369282
126955
464213
1041463
137854
712268
264771
879677
181756
864171
202275
412376
98476
900832
928851
392419
267682
203154
926097
614954
474437
387141
642554
387557
990958
1010587
306033
809312
1040880
547181
1010620
95064
224735
864211
256240
511297
227572
1011706
84549
296675
1005360
747781
683056
492542
614823
394148
628089
708226
1009635
50060
348372
560969
73935
357429
1006821
133190
606295
478324
114991
729575
510300
155642
74502
318704
406353
967100
257412
755052
131142
659237
543290
910909
980469
698458
1041444
566715
693450
1035096
613231
82488
913153
884452
172471
268695
374831
1000104
604263
120058
925208
123456
351955
85436
220528
104236
242776
819873
285015
89819
151443
784329
617835
100522
711765
255598
562808
854566
794537
591400
558130
401785
1020408
811361
159453
605531
363883
168432
381011
235434
360509
492944
203270
196928
638487
687497
593019
415636
882331
601539
600239
716902
411966
74162
978414
835124
432050
292256
811194
589735
771783
70234
46127
130165
802786
222081
510675
258858
172668
472031
966456
157845
658714
212323
952210
200549
811701
725464
580139
838701
228229
815451
338006
176164
1019940
471032
201559
814086
85760
844037
656112
830823
1029414
760778
619980
98523
611108
638309
440251
471690
689099
582009
313806
1011858
191271
409309
913664
176700
879618
561076
276541
600668
228870
815324
511306
437534
231657
809144
1021269
666947
110113
782612
674211
796995
646807
943410
62151
109239
653457
946121
758969
521262
89851
388376
943983
488973
530106
867246
414830
1016899
735464
507609
493828
946424
722659
598894
416807
221440
408706
826485
400944
884417
157216
780489
409185
832723
845376
836472
774843
809816
778482
112763
756580
411900
212369
487061
347122
993196
579333
223906
394882
725231
105758
702661
387160
471287
194724
735394
669103
894891
88273
132866
276182
365463
332004
369985
297705
91748
102743
194082
969287
622393
651405
660528
259129
605566
413468
672077
157613
822282
143192
518388
90873
83658
971133
170176
866435
169838
233170
836366
56122
892756
372428
658824
126850
249928
49178
363098
565971
957602
864911
613845
159960
410146
757024
617268
222460
344880
486247
963072
895943
739905
975108
845940
782593
532774
261429
614688
1032764
106358
986675
720376
953585
753780
415454
56449
447610
866886
966430
85012
227662
790637
687987
378384
300367
546892
106158
315632
926124
1009721
249176
451693
1041466
1045715
87530
754934
374431
938232
55920
1032707
137166
427582
647443
853212
143187
601928
179341
452605
666599
357857
733620
847815
562938
425957
791943
344103
589944
626195
702807
352138
776195
278611
261253
260887
528286
455355
943949
362916
438786
987825
387187
487775
137729
254197
570526
100860
683855
86384
926879
593022
948733
505808
1014204
998802
745728
220936
405722
321370
854550
55535
943501
658835
263225
841004
86727
502230
638501
698382
183065
419551
380003
80327
834250
672405
588783
551251
208045
176342
495525
888130
338095
978415
510650
678260
158237
62762
115321
566650
448978
888929
282579
867005
94678
124265
421847
672998
419200
108890
600660
81995
49568
122736
621990
665051
364859
897145
43246
519503
193354
276478
466208
102053
795131
509463
699660
910910
119897
396228
956762
799732
382746
222946
865312
357644
406376
771401
977072
393063
196393
1033017
423265
886240
860390
681460
146178
816532
943059
755172
164648
73501
753530
654360
952528
956757
1035646
245805
1030980
487382
890609
653544
511345
586895
141873
107192
415844
948073
805047
668170
948482
1037181
998635
747804
993205
93786
530487
713688
691134
131436
611866
698954
157047
33499
498420
823347
616900
715570
485275
365471
1011773
504373
793528
669982
874356
748455
683566
263819
863011
791121
111050
1009676
49971
786301
173066
728478
374867
695099
487075
595521
554018
35301
885656
514933
551253
383119
753291
975149
312086
232270
608325
866022
875649
888098
218169
251512
207882
951149
126476
165017
74152
865854
930624
248818
826196
392374
847657
992751
921792
359372
760562
635222
924256
765276
65061
113034
877274
144316
71535
762032
641260
546843
204357
611965
157979
789435
750923
253386
256146
645780
625560
165827
848675
241037
1013166
463381
375587
137390
752571
236265
210420
836196
502580
911848
979601
409211
295255
799772
32317
453644
297381
447554
76112
486127
758939
883744
866235
598925
655983
937141
88241
668584
507693
772097
631786
74900
725805
1029589
839302
466759
500378
402992
239848
253445
36145
802327
152680
223081
75969
106112
478133
301111
580519
977758
589904
786061
220427
949248
847417
970380
358267
686732
276767
953337
555998
100488
871821
88502
550731
839008
458554
378372
540008
256375
504774
899214
552291
424548
815309
77277
459863
402366
502435
850326
768652
184390
691108
387464
688142
452270
645763
868245
505812
171044
913943
896267
369702
146386
1003138
905205
852255
880784
820230
331277
1000856
431846
793461
914494
745010
901609
1032421
686521
41726
80275
551985
414665
523205
169871
707247
396893
619160
745121
344700
301781
777348
558648
731184
856115
185209
73772
431312
213817
617355
915548
171364
35459
445561
626632
821764
569764
701402
970863
401357
172407
492330
402416
611416
252942
912178
878364
733472
255311
801408
419532
818482
837769
689485
63381
440218
743199
356591
430779
745401
424551
843632
275200
962913
843111
952420
884448
246563
497249
213918
694215
713347
287865
784563
205494
181757
447254
150114
612539
800994
387360
690712
870429
312231
494633
502705
105212
547286
913702
1024362
514997
276410
289493
783073
616286
962931
222793
565182
920967
209057
794027
307361
579336
835550
201473
853705
41712
343682
395937
769236
361827
537531
781586
121808
399773
406152
745410
762734
858335
569779
877844
768724
905088
915592
101299
546718
529120
187394
670739
937097
573886
179256
360184
84616
741298
672567
927286
501065
707742
680727
802537
558567
589518
983866
734902
375377
895764
750967
1032877
178535
547449
316835
687336
158246
404089
186710
406898
611563
744804
158241
944682
808018
431866
1013389
590470
205125
1035663
347119
463124
898234
910483
477426
146188
695111
580741
719435
946778
50540
909730
384378
330155
966117
420713
746094
508842
446604
171511
820417
547356
460913
690605
388367
152981
231065
588787
832030
546835
269721
430872
165687
674350
1041980
307394
131113
271493
146108
785303
55352
239047
438435
492519
148313
468613
926260
312182
155678
811695
296332
89816
177102
391248
121809
307670
743824
962588
64341
702898
717307
828765
486291
1037659
191032
908748
620218
667063
989505
663889
418281
178522
809026
298920
504696
322180
173266
416545
662321
293078
129799
65644
87044
865355
286054
693078
212865
132999
790821
494742
552842
213778
696183
888324
591408
212817
481017
108792
423135
321345
386845
917077
870855
537695
551179
597771
573644
734192
488462
469291
139724
749813
1032442
83458
268719
665117
187609
616361
390348
197325
950202
711531
455921
582729
1021136
806973
918320
56800
690463
697795
584225
86682
813010
849177
124233
851636
363132
263817
1027257
625709
1014787
851746
805982
714910
687905
550923
204611
525052
467815
438962
469178
74482
219459
89379
800330
657219
914683
142403
625318
1014805
98178
618122
1027653
730006
295900
605534
730670
89996
784842
266731
664574
463139
672147
697813
626180
766401
734732
951625
385360
625341
720104
478526
471084
1025349
1024056
946123
202780
948403
783183
269735
1005938
398936
869105
981389
788288
748713
854758
647931
71923
689031
177518
397091
991932
336952
1047005
626142
920392
110093
43222
425977
964452
439547
380301
290203
268020
492650
529395
423403
894881
94713
413252
425231
1011343
626630
644852
811192
654433
884513
458986
849900
139167
906238
239777
614270
800718
605635
115921
926365
442985
44290
176477
368690
1017261
49964
552849
489843
113132
738686
661146
775056
843638
802808
716895
1045028
148916
854756
408734
503761
596715
89952
589972
657256
910788
89996
177955
687493
801005
361950
992719
699413
1006375
824598
469518
160015
272035
727731
809987
680821
1008770
657251
884446
360509
375907
638293
72605
805237
668258
292489
991155
165673
345929
156620
142006
456080
390852
964061
662939
565736
233012
154352
605608
1026965
131697
130167
297908
464505
493626
638728
414409
1003561
306059
902506
894880
583202
762961
251366
472376
1008321
658008
567182
888405
344523
347086
977601
684905
402401
758894
50459
57117
974687
738064
866214
581953
697263
900572
679525
736389
854977
242944
665449
956137
241692
729682
763106
49971
414814
936390
1011657
770346
1011807
318323
839864
599858
177737
941242
921817
73975
52088
880555
745402
276061
975200
556445
152745
265311
178317
615115
375561
405629
426540
74883
884439
1023290
605252
409324
296708
627672
136427
173003
820026
647453
839034
889484
917604
1032852
61181
636116
298831
365863
237491
545297
426777
592410
356572
426779
291472
129696
950239
830542
168499
322001
59830
921225
507442
687833
599105
55900
777169
204830
877849
800772
339184
710513
157197
893776
717792
577778
318725
369565
444010
1013342
969311
451267
986285
603611
527962
369903
911488
675288
708319
790219
188680
801430
32631
141765
585192
369483
410010
307700
942318
493580
559597
203284
206618
351159
282452
135737
120128
966441
933377
90585
35534
981743
145582
640107
700915
891750
514866
265802
782695
410247
708994
313431
765837
698359
87916
126646
884463
212704
996427
713915
890243
59483
874653
964354
288678
251069
836740
1000230
347284
395933
960108
296890
937145
144762
593188
966593
700697
272220
903297
1026357
723236
396941
942601
864630
88082
951132
148263
940056
633776
900581
474566
498939
880830
552722
951154
516259
452539
290620
369315
812958
613127
200113
741839
437198
508824
52498
1027478
211196
457762
282451
301398
887015
552229
416211
1035158
578621
603115
471240
142004
167223
322697
543019
460500
92468
434422
1014470
113980
722462
537298
338090
864162
683841
276307
155461
617183
915091
417987
258951
533348
1044618
875648
939749
100862
909404
177137
51381
575724
874336
643262
573191
986335
304772
494233
137846
899778
407958
977041
74683
656445
1035996
613915
499011
533064
224712
308998
493858
624360
570888
256107
88828
410046
117806
650637
942045
835070
287478
413643
598303
484762
69974
500659
883717
785817
93913
465995
795123
757159
306649
459721
930681
223086
285341
1001255
69963
509087
956130
57109
502443
629299
990965
132505
65734
559111
502511
479954
683157
102745
967033
816683
350273
839331
469146
429640
457767
734026
741303
407299
439265
291737
665689
258233
457069
130523
989522
779304
437775
573555
246531
40816
55350
950470
716060
191017
642128
292304
672301
181650
874652
406334
744626
304830
961969
568812
395757
918685
327573
668942
873128
976878
931832
329566
648710
871228
350300
89805
231072
825936
557307
997573
455319
578696
170308
885147
201356
864162
749957
208935
727216
408811
634205
826974
863747
880783
246696
711140
508853
445224
706755
380195
657992
499472
934663
736854
307353
790982
400886
999540
405584
520501
1021461
981494
1030278
309054
311006
379926
658728
1019954
530077
407333
821575
986093
358541
165428
1045153
476948
98947
275901
605413
678227
824860
927592
414609
874098
63331
562275
510404
620007
298864
527981
980999
489349
177930
201875
914429
732915
42895
410142
395510
618762
1038503
574917
179389
972024
761994
573756
911783
922584
451267
267361
725455
956569
888173
670779
537286
33153
115315
794197
743474
147035
288691
172617
822295
314381
892876
384536
137792
279093
588900
1023188
584437
945493
822487
811479
726583
594754
608072
627526
546732
618615
807422
357840
666492
784874
54133
826955
597392
320467
73415
337069
176666
956776
656762
979074
807806
595995
701957
473786
224751
311010
331872
220303
426250
640596
546889
966860
246960
949062
891935
990288
662588
194586
802645
861509
177142
299560
947922
171334
656854
752875
385306
529412
174120
993141
835535
40035
856558
570508
970383
413573
529462
958299
149729
633700
284153
633686
878658
837408
406176
391599
460183
407863
813008
109191
163285
826466
439542
552785
951518
414605
42755
575213
710777
659246
454943
583879
559216
465597
376128
323354
713357
88413
1029177
61147
749220
888432
548424
797033
465578
757464
410035
302210
603611
498401
373825
451311
654967
979601
222330
175050
251345
501058
614681
80601
157315
629388
656912
504216
353738
95173
201077
378006
139646
996704
51794
304918
165028
247226
871234
974333
1024838
644857
514261
600192
611275
251045
616248
672047
510881
345776
865848
186707
667035
701400
102944
452319
440414
617275
525674
896272
203713
722039
868464
111536
593203
591555
598306
657543
264675
302615
174131
653674
794513
558084
392479
141232
713674
144855
992716
523724
567461
399848
138917
930052
478925
315854
322705
289489
682524
1009691
689512
212313
139760
865962
927222
719482
507589
725408
626001
538802
533115
321887
777720
483119
848644
789965
486932
395932
659221
830851
489018
1012258
670750
436071
860005
333454
130137
415918
425244
949667
198373
802315
733782
849152
272043
767474
419196
774818
80985
598218
654626
237086
382147
247117
391271
614717
353761
284294
456622
84638
702211
332988
1020840
599448
359016
369531
100536
345031
685411
762008
205126
414615
430619
663900
1000861
601313
488333
792670
584123
1029170
499673
305004
186056
80008
240007
598069
931827
713905
76900
664919
592519
612386
185748
361093
677876
79857
534565
118300
1044625
99159
552515
612385
621014
496579
952415
601786
492498
376504
413275
558133
571382
520029
359172
601926
597147
697385
564009
524690
220317
126647
547182
633507
885199
218149
745754
180662
550782
669353
344843
766355
290188
1039298
195078
283441
824935
109151
575963
341653
281245
80593
914131
1020742
823963
830547
104220
217801
339168
352026
584219
899337
448820
254358
334890
671606
51236
268028
180621
789957
1022064
320459
845757
792692
882140
419268
718298
968121
237555
47130
179705
135459
91798
958930
524704
920650
481006
200539
367334
937096
1019291
655734
83673
519235
216382
801194
330989
149717
623594
981478
780157
1021145
812803
731606
566531
749992
195882
931794
510798
615118
914414
166788
167875
1007646
690622
150071
396980
510695
521991
514272
400411
838246
271590
549063
543242
56061
430218
791124
378393
823992
170486
879890
178306
838178
1038838
956878
170122
370710
518379
544097
364590
42477
124575
286144
42481
216335
1026855
43794
527964
338094
321397
813157
254194
246636
781654
684817
271529
922490
355195
66114
499699
417490
516979
144259
354646
167522
290351
854282
707714
181756
881473
756380
1036296
329201
903760
921709
600004
925021
613216
507783
38672
82498
366831
343712
943040
406282
640615
729768
616827
973041
1011789
541838
609565
677770
171976
224116
372535
914581
836738
139735
638735
56257
804550
329573
1032257
835148
76021
502240
148098
379409
551286
812832
67900
709461
97320
516286
50061
79852
373349
717265
836584
335350
35507
624369
415100
98555
508809
546912
929744
532738
210593
426475
450878
461630
205161
748941
165354
711791
634775
1004881
498658
979078
503784
701102
942299
723052
309360
762986
729073
150995
805751
147883
629410
636925
682107
992267
118682
440391
584695
414134
829285
324817
786108
964356
520163
763526
623544
87100
734858
415953
961288
768100
492074
328224
94048
107636
458107
276314
69760
605411
276404
665146
239962
548103
616112
860393
1007538
1031960
573878
611454
795471
510875
429751
617729
427280
407191
74957
565170
368457
684237
970512
809841
211844
540573
431936
467214
873679
695127
965851
353787
967100
184367
994405
865138
683546
886887
979698
358888
970144
658157
184031
348652
931107
816371
225051
467815
157568
861729
729080
254163
241040
83704
184019
489976
364579
917521
754657
375663
554561
649153
160015
1001909
895549
711795
311273
352007
892033
567418
499679
475269
53271
737477
117843
632889
470038
73009
771809
120050
82490
729235
923628
436058
204184
422656
924998
856121
381021
195856
206578
467332
266690
554601
220311
900288
715460
244338
447276
982428
593630
892795
87520
275451
1040115
741867
525653
701995
693471
847098
57136
926341
537294
864417
376257
416572
156631
878401
76077
547764
229066
332994
492492
275190
59265
528606
469609
301669
1011801
384367
803650
761845
703524
392465
969330
372462
965282
287834
169630
541718
520316
135695
717142
869913
781752
366662
259188
216212
921841
631142
180648
459359
220616
730676
812999
56258
625916
864616
618115
1021504
779146
721590
144833
64722
232876
277526
944976
67675
523244
171192
323095
579765
805704
39846
889502
962565
943402
596387
601731
149532
1013422
799616
997031
576403
441321
793990
92613
704660
352534
59607
438813
111962
654933
557041
57840
356547
680254
692894
319709
382968
56123
114694
73590
182669
862098
966146
51388
240438
474201
1006823
901620
299880
1021164
1029594
753207
689229
214800
177781
634345
306068
1016931
322600
371439
982705
381063
194767
1019712
496046
998781
362548
208218
551847
831763
761389
637404
944245
939603
128735
113401
231944
455014
895353
146190
222288
904304
260477
996997
950194
693440
424402
36127
628055
334882
693107
520772
838172
357647
873677
290686
820069
344673
369655
296326
445753
780553
51868
354576
171481
998248
881808
698309
866261
819905
798830
1023232
242796
744628
886659
687693
806012
904712
244989
73740
232842
639841
284128
929285
237175
1027222
865157
805436
63793
429268
287083
894897
461621
310718
89809
886664
683520
528692
722636
701395
341692
74924
301563
378479
738071
975778
936419
672040
689484
326732
856369
918712
259577
90577
1027940
493834
689483
261278
592410
370545
617807
926385
1046758
998348
649088
1016272
540391
729060
786290
905190
244119
257974
102179
531301
634592
517870
669096
419746
737656
1003394
593539
754923
196247
776907
568387
153248
327583
800376
874281
816448
262065
996730
657549
502184
641992
737660
994294
311028
563574
178521
244974
438863
364940
859215
559203
1020029
205305
862830
612115
270665
320510
327590
588780
883205
855640
736153
705362
760789
866991
141970
148784
778215
614663
331180
630187
102326
237178
147999
569719
689479
423294
198357
466632
842414
929291
170440
602896
315617
1003524
438832
683842
937115
217092
816673
59805
967112
114697
611113
164228
467782
371096
626182
194429
1036028
816371
834863
878995
245103
731202
145039
608123
518583
909678
145556
602232
402942
546150
552118
954090
350626
1017761
352016
1029724
261963
906835
765884
362796
340368
792662
559567
978235
240095
531857
777926
409866
312854
918905
600222
770277
961588
516801
674374
716643
456775
903799
979144
696224
960724
416571
466793
796736
947117
749029
170127
547316
745027
555954
749087
95260
591055
262075
462342
741308
53261
167923
408186
586293
203307
182706
668964
858749
722073
521071
374980
131998
798878
110186
566006
966908
627614
350649
584994
949824
347081
859977
1010265
537044
159604
981482
177228
949068
326625
359307
478298
262425
582455
453134
924033
316069
1018753
249399
239348
129228
87052
656224
440061
559230
958943
376307
989521
698414
858846
165661
56011
98601
645552
929381
72360
208395
292262
1031756
874580
613826
744788
1013161
235394
721384
639829
864638
615115
911145
909191
71264
507198
1026340
491798
335240
44664
595165
580411
849007
99166
49117
516126
961617
840259
344609
1031880
276473
256236
496490
872011
232361
899510
595857
817805
899439
1014486
834205
560359
407324
362535
431347
177276
853876
871174
897192
65740
446869
822744
993076
953571
734605
999535
358253
253910
668544
372742
1031788
159454
778219
157819
630197
191525
669068
613679
460256
209443
273674
559832
747432
979072
195115
804380
284295
347701
208032
1001734
457402
260447
285094
677893
735649
491954
818490
586722
702005
607756
974182
438903
835171
472801
828831
463063
642192
1007005
787845
47544
878346
414671
426674
562790
76881
57544
346523
1014374
367341
520960
66922
609186
347020
958510
520993
758962
741456
387373
1036143
657192
848645
625207
176110
1013404
353251
246566
908272
707208
725192
613643
546715
395921
835197
590952
738770
608429
567742
112950
239618
568583
914286
384883
177333
331161
289583
67877
100832
845936
332850
63752
930661
203738
863577
99346
941283
148865
756358
295085
1046122
257335
447847
920479
939408
918116
743462
394374
635233
1009007
881841
338262
682906
939875
784326
37210
159637
102922
200107
208004
1023862
248893
944147
976553
586082
88364
140314
448102
298838
696339
458327
114316
445184
321768
275259
705638
406675
452046
749221
687703
81871
414875
210182
905053
874056
247671
256223
390348
871382
1037194
747487
108868
870865
707991
548744
255037
315761
884606
122646
713684
113612
67965
566349
307337
558140
69812
341952
1023821
465417
750085
170319
229860
942807
130038
187969
788301
923089
494710
90452
507585
793936
395947
462377
1024798
1008987
627520
1032417
595177
83913
220519
98279
437203
71293
466070
187656
1030560
760651
873957
381062
196390
85410
901772
517578
579131
768724
997017
276308
520946
304882
168800
404062
1032528
541774
204508
345204
751413
786086
70874
882165
271489
269750
553988
671556
749977
545020
301423
757114
260674
123634
439645
899486
327806
813203
929330
949421
335057
422860
792686
873800
563460
275136
543455
538354
602436
888636
906061
960688
614430
402914
224905
195459
967733
519021
1014173
257063
48375
285012
167521
567860
758890
272003
977419
477825
120563
648760
847668
177303
56459
537481
458741
329927
550935
581507
1004385
193499
897192
581955
123663
139868
763816
851137
1030479
914242
67992
746749
934776
150267
411935
715527
210612
859211
597120
569744
941651
777680
136638
903381
360740
301475
218078
967113
365474
901799
823296
776193
939728
959569
947418
98651
120012
648933
917113
1038804
102668
155675
71127
498369
193573
431418
194645
158425
615046
740400
221706
460491
890294
540126
747302
780624
977706
365663
646349
204791
539656
73751
761709
220416
859865
835026
524410
635256
466763
706788
1011720
249382
62685
956144
738978
970395
237082
656391
1016802
977785
306867
395936
213797
835298
555886
930594
657591
665447
949259
971133
933822
355415
572042
572191
740130
563559
501089
437575
517215
411638
297900
558529
193502
762038
273468
902168
194122
660498
120717
38722
81735
225540
1001903
579116
902770
785623
761401
356032
849660
638083
946408
394932
906823
359433
960437
893186
752369
80994
150991
780843
65776
911133
636890
224706
354001
93904
480796
349740
708038
534902
595580
920435
489020
432011
452515
440202
896567
553403
376002
1029670
701057
591564
523125
533630
212844
567220
199341
559315
460220
188595
401811
321776
349538
531290
339174
259958
491315
456769
430906
586084
295543
564366
295042
93069
314238
385373
379964
517853
779189
1028033
312437
982657
555960
74642
567555
251482
132492
465181
592967
140747
398120
507416
550768
356034
969321
738432
188344
557000
801153
484198
804941
711163
376677
727717
430657
1022642
747477
151372
275452
763241
299723
811461
734056
546933
784229
490602
980183
46924
269756
408873
892896
738470
686051
701687
518842
431939
452553
979208
964435
1007642
959061
625129
851752
468266
593251
53346
1045164
835831
485431
961390
556368
95220
121462
195850
1006391
445698
354598
760761
986270
904307
385589
779205
926366
168817
115562
875076
1037456
507155
102324
463632
352254
890101
153595
218161
533906
859163
540732
151719
728349
925681
348921
128702
543661
886861
672429
225546
160047
50063
551983
762626
893862
51846
828797
204668
845703
983839
635616
697543
1025775
518574
674416
836551
143799
542472
810133
253671
472357
351002
758109
266364
